-5.09007458024
-0.0209374949632
0.0274664672649
0.233139573205
0.0780984777913
-0.34817047383
-0.491694778616
-0.677517030343
0.678436149817
-0.856910518398
-0.456563014635
-0.349880874062
-0.201304818892
0.0
1.28850602666
-0.51327929288
-0.492193074824
-1.19253455867
-3.38238027312
-0.893156320351
2.85880971436
1.13143972283
-0.144513275914
-1.14087445694
0.426559540939
1.17630376593
-1.07761646464
0.733824989209
-0.121486277715
0.464929539916
-0.0759567253896
-0.339755186625
-0.187435297518
-0.651969606572
0.298775043117
0.916588974232
-0.738564332051
0.818907397228
0.478893264153
0.613560294831
-0.0526605227522
0.821078719572
0.301714653086
-0.0840277915685
0.557144675486
-0.555956800319
-0.121530507736
-2.32593668836
2.2931768654
-1.0523772807
-1.25507476328
-1.23338831663
0.315251682306
1.30513091669
-0.265747779057
-0.223053452806
-0.31307574517
-2.05203313314
-2.22522213098
-1.29887383102
-0.429340293139
4.54166461204
0.711915446252
