-7.36983754188
-0.343484142356
0.27074156206
-0.480246081554
-0.227746660084
0.14228446793
0.0154322882041
-0.121069674981
-0.185508150642
0.240271708375
-0.272388373609
-0.218417693395
0.040497176946
0.0
-0.334680055637
-0.266445230102
-0.0979956327038
-0.695214438148
-0.842869638759
-0.495184526219
0.776885727141
0.114318489855
-1.00880743318
0.0548214602274
0.755418346971
0.0759864990475
-0.198878348898
-2.00341925178
0.217789428258
-0.229308700138
0.52409331236
-0.147507400137
0.267629792252
-0.317426033416
0.557379780327
-0.10640335032
0.817819252676
0.350044022222
-0.226264351431
-0.156653553195
-0.112150912347
0.597531631826
-0.225664406382
0.419235221719
-0.0444059533343
-0.111854656653
-0.208540921464
-1.34238698208
0.942290086671
0.739162172292
-0.532910562304
0.455188517921
0.418797893842
0.48187487147
-0.613326209069
0.496998029641
0.260381294298
-0.712378338225
1.08524836646
0.516298582893
-0.901581279053
0.0693845911988
-0.2019527797
