-20.013195424211858
0.021988050173289957
-0.25446460845091784
-0.1734344544045945
0.5198664905829754
-0.0964588347277602
-0.05341344999377458
0.07264389176039769
-0.14802240193438687
-0.3948438232749669
0.4863218577078109
-0.5431318420160566
-0.5400293932437708
0.0
0.7818443631116613
-0.3600923285343707
-0.4599188828631078
-1.9124971713631924
-0.8869306540323337
3.585510166971617
-3.4178883618138935
3.7746287514872163
-6.208867066003702
0.9065155691185328
0.12137293316112086
0.1162393762517776
-0.18250396449853756
0.3959371681441092
0.24971837744361433
0.25359863604078214
-0.9226480946550345
-0.753964627841066
0.21079943793910125
1.4433263345422318
0.6571353204102944
0.45159653270285016
-0.19380130721752167
0.6067391932089335
0.33737651048293865
0.45638467141971956
0.3042251397256064
-0.2582499046647116
-0.39609307541570493
-0.2494502715506144
-0.04967409103671005
0.459788041226902
-3.7387815721203044
2.6418046776385755
-1.31971680120151
0.9064356655711314
1.630824958047523
-2.879192609180242
1.8261183416120754
-0.3842273289952244
-0.4880015917648737
1.2480482343137997
1.0304770789963742
-4.276115411517792
4.283331984578956
-2.45035310993748
2.2339069025410145
2.439326186287939
-2.667020844590164
