-3.7803506453308713
-0.2509182780930134
0.04313926434306889
0.2126248036075339
-0.127405447149735
-0.3011481561107805
-0.19717486428953712
-0.45488755873624587
-0.28839664804777715
0.20128002755927848
-0.6758601068390243
0.06859689200364814
0.34499345394341063
0.0
0.18731187557812898
-0.6628937764414687
-1.266250809887675
0.760336704752829
0.389162677712736
-0.7674858568717078
-0.9407932259559062
0.10456638660451356
-1.376688334555109
1.5591106204957392
0.2602290013781711
0.31961901244949353
-0.22857686182237114
1.194102472083224
0.8004229885185404
-1.1474731573748131
-0.573841096942579
-0.5402061178567459
1.3863034213234742
0.11289665834592787
0.340071840231885
-0.6584206247986052
0.3781614222512051
-1.6129954931815793
0.6628389740763176
-0.40357109758070386
0.5545800600518581
0.4013533313020054
-0.27081067444118484
0.0022747732256493147
0.7292682603343381
-1.0669359888109153
-0.9364186305697759
-1.6064221989891674
-1.3431335905061985
-2.490091800589674
1.7161930753372223
3.491972847853202
1.2894537343317254
-1.1650164444456645
-1.0389652823190916
-0.6343978793855028
-0.4743154026933209
2.118992451953753
0.5483182454825702
-0.3537129568025534
0.8330239373757358
-0.8970718978320888
0.8907678097950198
