-0.817009454842
0.0598826070725
0.444921169083
-0.132657466921
-0.381922259002
0.668975350369
0.202440066227
0.0661766929785
-0.786437261509
0.342943395987
-0.385727349837
-0.726749058245
-0.457460824609
0.0
1.13975920312
0.413414023269
-0.440253125787
0.725086412456
0.892593835507
0.639836605695
-0.56288389184
-0.977972170595
-0.190119437036
1.00063030529
1.31712484758
-1.08768033595
1.04834063912
0.748570624933
-0.651098513038
0.0762492247687
0.243107028712
0.915240409835
0.0998787937041
0.867487208552
-1.02794334396
-1.98397619741
-1.28835164766
-0.697754038727
0.314833689647
-0.0977549668444
-0.339600565136
0.132403925239
0.27353342168
-0.630503787549
-0.140861143958
-0.189254357263
0.976977061974
0.850095152647
-0.0651585571274
-1.05904118893
-0.0697519560554
-0.213496851938
-0.242030438934
-0.0933475615393
-0.184250099662
-0.296931691684
-0.182056306868
-0.109040364181
-0.256221840448
-0.337526609806
-0.0780280500406
-0.151877539414
-0.116010772745
