-14.9416214879
-0.223387895402
-0.854519799996
0.130393723549
-0.868129612371
0.148867510692
-1.26552026998
0.0988852633793
-0.135838789955
-0.145777832054
0.221721405917
0.00405036946201
-0.165002859207
0.0
-0.0899854316182
-1.71548019224
-1.00699058919
-0.837238070361
-1.60077428533
4.90680473258
-4.47121690096
-3.82913374908
0.20465513327
-0.0528050699114
0.403692257295
0.481245971987
-0.252314297492
0.435715402691
-0.0428098834989
0.543152567193
0.240308587814
0.554857669994
0.861765810368
-0.332715626016
0.613217488371
-0.0747571608671
0.111898516387
-0.107093670878
0.332807057435
0.906717681878
0.290791155711
0.308447863799
0.349293079667
0.324748234646
0.575976164294
-1.34434121116
0.449628653255
-0.574766221513
-5.03906888293
5.14200908712
0.375566626515
0.20927012346
1.40680234037
-1.3070897843
2.5105988274
-0.858294536789
0.192650319224
-0.228503728108
-0.98807328576
2.1225699091
-0.516551531279
-2.42457700845
-0.214868930064
