-0.172239258274
-0.403471292959
-0.568278819076
-0.482183640245
-0.424047445861
-0.410233734882
0.169163801196
-0.0664775478024
0.392532798443
0.319992588569
0.133997710806
-0.593127278311
-0.693276630293
0.0
0.0514038942697
-0.116912672426
-0.0684356939214
-0.0615821454159
-0.134929657018
-0.127481655844
-0.225176690172
-0.296189755631
-0.100880408426
-0.111961020992
0.144849859806
-0.302114890432
-0.0276955217425
-0.378041026414
0.370854568789
0.516661319406
0.154376007684
-0.428521124245
-0.2799611126
-0.378281720143
-0.0131058782392
0.135449409113
1.17193664718
1.15530655698
0.0661857227151
-0.524681633514
-1.04508678963
-0.181218228882
-0.148126393069
-0.38449964151
-0.222285770902
-0.141036902447
-0.206693882794
-0.225510197918
-0.0900339345865
-0.0200085061284
-0.0547479013338
-0.0964337642926
-0.0259085524713
0.0137976166146
0.051691182812
0.0961160010841
0.0189935065021
0.0182935897307
0.0117150429616
-0.00732678794066
-0.042601763273
-0.0762572215458
-0.0593115701711
