-11.1936767137
0.00491007321338
-0.0781377286195
0.597025079863
-0.243531439442
-0.0342828143295
0.12454602131
-0.347660684257
-0.25670917437
-0.184927048474
0.106001842797
-0.260607557609
-0.0472337501853
0.0
0.883096206911
-1.12898604627
0.71939581132
0.0544641060069
-0.039967116152
1.6766731193
-1.40069791863
-1.93171216118
-0.807153893719
1.13895578546
-0.369250474034
0.240147201091
0.229127747493
-0.531566927566
0.412848908938
-0.0612633958681
0.139784231403
-0.0513820145387
0.481618368164
-0.273230819184
0.242260823193
0.0690070336292
-0.213448989622
0.780211975885
-0.844495907554
0.283994641987
0.375523071229
0.0632505236029
0.103304337223
0.129482581921
0.266798264246
-0.261687674292
-0.230412521955
-2.14313910083
0.595490279347
1.3010829218
1.224097324
-1.46015428714
-1.60978804171
-1.29525642913
1.62986186613
-0.559974880475
2.63109485559
-2.18105673653
-0.691774367017
-0.672616034615
0.904465629932
0.729164889412
0.833206052693
