-0.49880771387
0.0382493844831
0.16065620169
0.331617620753
-0.00308370784417
-0.0673066930948
-0.434350596132
-1.1056724541
0.0712502292043
0.0818501575269
-0.0964462102486
-0.00338295465052
0.199813558023
0.0
-0.826536494147
-0.283333338577
-0.883112585548
1.0598968589
0.90167021789
-1.63646569648
0.386983661778
1.58519967441
-0.617890396291
0.029837781141
0.58231025527
-0.0249557358962
-0.548450123536
0.611579089591
0.234309729613
0.209316999989
-0.0988395726199
0.056132397741
-0.153289434036
0.380169202326
-0.658495632404
0.370019234173
-0.496985860182
0.318596042395
-0.377580654575
-0.126129849772
-0.291425435881
0.191974800643
-0.0559941640477
0.229308681625
-0.22735991731
-1.10437047644
1.01800460958
-0.475796607459
-0.859113054723
-0.0722513095464
-1.28134952946
1.38788097603
1.5822994822
-1.46317960017
0.38280789656
2.06851992334
-1.37911711811
0.100043363336
1.12632906529
0.630492374002
-0.575007337667
-1.00136116142
-0.752096695905
