-15.4213769827
-0.101471225903
-0.019113528397
0.00929281180725
0.238925823169
-0.643023693657
-0.00602529759596
-1.06491913464
-0.250081782165
-1.30993012586
0.0016929110833
-0.583133246174
-0.627705159664
0.0
-0.942605428838
3.89417338463
-2.58958700291
1.9048367549
1.24163810547
-0.143263405972
2.34103153048
-3.6997979444
-0.855543435663
-3.88352669859
2.01197404765
-0.430180875108
1.04012182337
-1.11472701239
-0.138912088518
0.643238831235
0.138675862
-0.0545045707225
1.42102069072
-0.129029237689
0.763270787578
0.93476805012
-0.95354724682
-0.102521619128
0.864695492947
0.694600994318
0.225232629295
0.908581528858
-0.230933934636
0.575303597089
0.796568081054
0.719251684724
0.908551404351
0.314799178446
0.0232905771549
0.131016414805
-0.650988388265
2.86159158189
-0.38879967596
2.03905122376
-2.0342398723
7.81625645859
-0.0233028661892
-4.80614212616
-3.35618466742
-4.85916687568
-3.94338745267
-2.68040715652
-1.55773278087
