0.272633919479
-0.205327236431
-0.66138039527
0.111629935104
-0.749370898912
-0.284746400445
-0.675791088882
-0.569035074199
0.458031278569
0.117743047779
0.305040091162
0.080961923037
0.159124755137
0.0
-0.0146581509484
-0.0158854873822
-0.0165384145131
0.0496088947927
0.0354099164392
-0.0802343569375
-0.25240783385
-0.64321476977
1.16777638645
0.104811541774
0.459438377817
0.139791216352
-1.40520550124
-1.53282303019
-0.313875171301
-0.0262477076113
0.403774218955
0.0516345911932
-0.169069637716
0.378662613782
-0.3479835401
0.13473862128
-0.0611708044909
-0.923597889446
0.0170452000097
0.601227170097
0.359810450926
-0.0447878885562
0.486306434524
0.145997666259
-0.205099040737
0.629255654801
0.622903308563
-0.183442463772
0.256551314421
-0.147997735437
0.320777339398
-0.0526313229149
0.529179239325
0.194578193752
-1.10570009889
-0.980664001362
-0.803079539393
0.408959596226
0.510625978197
0.365389301725
-0.25833390493
-0.416690854885
-0.286034144044
