-0.516994095659
-0.17737449163
0.939574085964
-0.982254122769
-0.910302557734
-0.0674257683503
0.130325034306
-0.153779697376
0.61048748779
-1.20176816145
-1.48275707049
2.80731740172
-1.38312126097
0.0
0.233712163615
-0.760051469184
0.771700316737
0.096854603545
-0.351114952713
-0.381514337004
-0.736075772018
0.724681021459
0.726383401446
0.283380666288
0.78511877102
0.117425904672
-0.785743493643
-1.16867799182
-0.425120706436
-0.13114981163
-0.396545110893
0.554698614984
0.52400959268
0.478422166024
-0.467412475766
-0.406404956116
-0.938642894108
-0.780810017077
0.023698990737
0.253068643441
0.469774231593
0.263571951591
-0.047123201163
-0.922806473356
-0.0155991966384
-0.739222107829
-0.167518798153
0.255757938977
0.523934252384
0.255188002987
0.0906149086396
-0.165846531218
-0.160884627933
0.155461184091
-0.00685505582805
-0.405800097751
-0.233615160721
0.0626687347436
0.168309958949
0.242583028453
0.368954507552
0.207965634412
0.0855169270026
