-5.74686235888
-2.03675153136
-0.210711425599
0.819564948513
-0.740017031772
-0.297210821053
-0.114400199333
-0.529083866122
0.0148248055355
-0.0942486366376
-0.124930402891
-0.287122070959
0.0237178562383
0.0
0.0785108466161
0.0654116528837
0.0551727627424
0.0252328289532
0.103642359804
-1.3221143957
-1.35879892478
0.0437522548077
0.0015735342029
-0.0240026250413
-0.0707838419758
-0.14652821945
-2.16659848037
-2.52750862291
-0.103340636174
1.0489875184
0.914262593659
-0.544270868182
0.577019592491
-2.20676673194
-0.123309983491
-0.41108951861
1.2836364258
-3.81949210378
0.151256874415
0.0944577366423
1.59154071794
-1.30526412491
2.92109850625
0.462049271189
1.35338955024
2.62473208971
0.583489993738
1.17813159616
-1.2885797478
3.07175434606
-1.60329248211
-0.925188321918
-0.932919884561
-0.577545043822
-0.0684001823787
-0.262034582764
-0.41212574718
-1.38024104811
0.441999886696
0.780056169022
0.472968233982
-0.0965491244765
0.176249524599
