-8.22662788225
-0.404880635663
0.202432663694
-0.160118060635
-0.428371647495
0.30469056552
-0.0392081104386
-0.246781010357
0.516738689291
-0.619235373499
-0.132722293894
0.012647583698
-0.581583521829
0.0
2.04487200553
-0.3877614223
3.5771243912
-1.26838147794
-0.222420746075
-0.425878971823
0.887636697084
-1.1480160446
0.0892065505555
1.3838379118
1.74084682854
-1.53815071754
0.653839691708
-2.26582724405
0.104029939154
-0.282431453463
-0.10230430345
-0.151858491421
0.266653594405
0.00890566804213
0.899548639019
0.548703498062
0.00211903311499
0.370179715557
0.572423145668
0.555815707647
-0.432183804644
-0.427993895206
0.132737670447
-0.113993701977
-0.880833135493
0.802590968647
-0.495773714526
-1.02537408985
-3.78010172895
0.371921544939
-1.59711135168
1.24304573156
-1.40556194506
0.49660382289
-1.23850907716
-0.0757256608093
1.37873099302
-0.902480042797
-0.840179761721
1.27535990768
0.0390812660108
0.428221373509
-0.441574664855
