9.06387745996
-0.273862774768
-0.493215575127
-0.586855723199
0.373539108911
-0.250002921803
-0.30607538928
-0.396888333676
-0.354667463086
-0.325807401974
0.0337339348549
-0.760314945383
-0.444432786819
0.0
0.646571322754
-0.962850453774
-1.68729493567
2.61767493648
1.8688181273
0.449621878292
-4.4662692811
-0.252983615701
-3.22829350703
1.14504571207
2.33817615666
-2.35981959452
0.861490382565
0.307290777816
-0.79316529963
-0.0637736409039
0.194338072237
0.393945142778
-0.25925721452
0.342203497417
0.623351608278
0.0625675350852
0.435419567955
0.130455115816
0.429856030154
0.240488309439
-0.554618113602
-0.191385622278
0.315105953264
-0.111208572035
0.51860565281
-1.71014366051
0.554558576205
-2.19948123318
-0.140309858005
1.27558097669
-0.814317449501
-0.909196141291
2.67230987341
-0.367780405181
0.122650931901
-1.21195295635
-0.90009925056
-1.11283354299
1.75002117624
-0.747396770576
0.430431112508
3.1212515571
-2.58824913567
