0.0574692874748
-0.0395828169782
-0.0842321472407
-0.504204191129
0.0199053636962
0.192587280305
-0.0145468137475
-0.179413042648
0.084531401707
-0.345081927147
0.157195493003
-0.340595367817
-0.125202727848
0.0
0.273062726884
0.246032907419
-0.0585971199936
-0.052334106502
-0.0899689311405
-0.0292923658807
-0.4367644339
-0.493638462353
-0.515758519918
-0.14129800641
0.0279321598794
0.300247634008
0.31590580199
1.48645441044
0.82455398232
0.708968412456
-0.50749635196
-0.73163279451
-0.0173895926019
-0.522144940213
-0.265966026788
-1.09386089969
0.210072396983
0.314671203852
-0.324324751413
0.656685241115
-0.0944844476629
-1.42389431713
-0.321414975261
-0.000103740587046
-0.254577682275
0.124722313932
0.307171007406
0.214369329272
0.00300854311591
0.100596747126
-0.0147001548947
0.000380137490132
0.00913468464377
0.0108595841397
0.00333344654124
0.0031413739918
0.00975508264247
0.0161706792379
0.0202348503948
0.00752839662689
0.00144773377386
0.0103871129376
0.00417522462397
