-13.6467010654
0.0693332438908
-0.372048870819
-0.0899099830663
0.287681211749
-0.394291510314
-0.0627112805996
0.0503378069071
0.0455160151323
-0.146781993669
0.39734429286
-0.0394870501256
-0.220177414654
0.0
0.0813524620747
1.66928744966
-1.10562797029
-0.265724053411
0.881421410486
-0.900496495796
0.487649804568
0.962265218232
0.548078113591
-0.485609364517
-0.0260682050182
-0.281096325801
-1.13133690073
-1.670749623
-0.333402654468
0.342698746167
-0.384292631749
0.230895748977
-0.133684352464
-0.121670567691
-0.208936196767
0.454401507418
0.525385058061
0.209863028511
-0.114472494716
0.489184264004
0.367739038173
0.106381553073
0.240560657528
-0.269157003373
0.724952375614
-0.677971414527
-1.16620282137
-0.729487912246
-0.178647305979
0.997215971611
-1.53584406281
1.91122803462
0.0394969438469
-0.793239803475
0.966526427483
-1.95488930563
1.4566102178
1.23502797013
-2.91378817895
0.892961891019
0.518397993419
-0.733562884977
1.30118111098
