-0.703233265101
-0.745700370749
0.178621381556
0.527269906579
-0.493948729948
0.0256197575849
-2.3335786607
-1.00364216576
-0.0688795690444
-0.167686936199
1.56314655825
-0.310740225902
-0.338215035547
0.0
-0.0287346695989
-0.00810187287909
-0.00881297958544
-0.0104068450556
-0.0136109071727
-0.0249719078966
-0.0288680088708
-0.479998535067
-0.487750949903
-0.481683342178
2.24801306128
-0.523098611265
-3.3482031934
-5.48993319991
1.62451286708
-0.870008443034
-0.191072352126
1.64722348605
0.0300446121019
2.11921691541
-0.780723097152
-1.00709247944
0.855018893088
-0.634631592288
-0.555205451895
0.0921615755135
-0.689597106549
-0.796505353352
0.744610750017
-0.908956622729
-0.511372411402
0.186619906986
-2.12749388185
-0.480127990541
1.14560930403
-0.899633642182
-0.274925858258
1.78321992615
1.14764634202
-0.0411420205479
0.158468730935
0.293748930946
0.213436832355
-0.237222200853
-1.03634284991
1.91684564329
1.17600758171
0.822844253052
1.60324467501
