0.539622183894
0.867850202658
-0.513021085277
-0.612623786508
0.406532728001
0.0793802291441
-0.845276830533
-0.0885226134331
-1.0570374785
0.58659174753
-1.63209692323
-0.126138201636
-0.080596337421
0.0
-0.31260618868
-0.409394093604
0.0852305558021
0.0910571209943
0.0157775325695
-0.0376780376624
-0.0309239370624
-0.0193291319074
-0.025891803146
-0.144791227799
-0.368420044284
-1.19216356373
2.97821996128
-5.95074703059
0.425887327735
0.829824565968
-0.779481632944
0.91628183084
0.562261519609
0.815727070257
0.912291200937
-0.738953453903
-1.21853913625
-2.41856568466
0.973434904033
0.115812354435
1.103922892
0.983165719527
-0.644231904791
1.00000342131
0.453227091853
0.255379222928
-3.81499811971
1.63829010868
-0.000420277669186
-0.936146246479
-1.19984901865
-2.38724058703
0.972903164754
1.21217709495
0.888624746999
-0.237038447048
-0.363891597737
1.32880608089
0.316898090314
0.931669079777
-0.0130044315668
0.36108679153
0.0613877977287
