-0.234235522148
-0.545995085573
-1.03579874936
0.154172194018
0.23123034642
0.319479500585
-0.113183160638
0.189518299405
-0.463129360914
-0.169619143488
-0.787301305345
-0.969862150529
-0.0324349046015
0.0
-0.922498303746
-0.633602896911
-0.0224706304283
0.593887087588
1.17852168121
1.17461464066
0.214406057717
-0.6681846593
-0.365929813431
-0.358320106362
-0.764664345682
-0.16504404594
0.25137205216
-1.39069485929
0.522386796169
-0.241777707864
-0.158979977451
0.0955216034796
0.249412299268
-0.523611660491
1.05841195985
0.675122205898
1.6528655629
-2.03028749433
1.35948267911
0.724001540894
-0.922681963656
-2.33472120589
-0.78900756948
-0.299701193156
1.08647548594
3.63217810516
-0.680356701165
1.23138860066
1.93880345007
-0.324519536562
-1.15567318945
-0.885270021055
-1.19381841869
-0.785043678494
-0.230579329858
-0.181579178246
-0.0276722752264
0.0721954622522
-0.583323155481
-0.724223105294
-1.04417568874
-0.474910329114
-0.0506477502292
