-2.84729403103
-0.440364552424
-0.20987972781
-0.260363697351
-0.0999612784648
-0.126057589999
-0.0140904804609
-0.244285793722
0.0624665958773
-0.0447065809636
-0.296574011087
-0.300159980745
-0.174923224908
0.0
-0.482111133261
-0.0747536399005
-0.0573884220666
-0.285825516136
-0.287820507704
-0.44529270635
-0.605524772619
-0.419562080194
0.463949539018
-0.671079559314
1.5464406168
-0.953193659784
-0.144290361095
0.0978172290206
-0.485468657428
0.237892689296
0.234577936269
-0.200393226968
0.00594543989683
0.458557916241
0.248544624867
0.440781398046
-1.38051866551
0.426286977755
0.532719434371
0.511885070027
0.428554920281
0.115783934906
0.432858982571
-0.0583268165554
0.419908013659
-0.249019072976
-2.05966414376
1.37054450466
0.125715722081
-1.22161518776
1.48343642471
0.190102723282
0.0348783363538
1.6100157811
-0.509311381954
-0.890895883239
0.779636793854
-1.14470201292
-0.503432588085
-0.366435291068
-0.343876030064
-0.295539944058
-0.209694070356
