7 8 8 8 7 11 12 13 17 18 15 11 0 0 0 0 0 0 0 0 0 0 0 4 8 10 11 8 5 4 5 6 6 5 6 4 4 3 4 8 12 11 8 3 0 0 0 0 0 0 0 0 0 0 0 0 0 0 0 0 0 0
2 5 5 3 2 9 9 11 18 18 12 3 0 0 0 0 0 0 0 0 0 0 0 0 2 8 10 7 6 6 4 3 5 5 6 4 4 4 4 3 3 5 5 3 0 0 0 0 0 0 0 0 0 0 0 0 0 0 0 0 0 0
5 7 6 6 6 8 10 16 17 17 14 8 0 0 0 0 0 0 0 0 0 0 0 1 7 10 10 6 5 5 4 7 6 6 6 4 5 6 9 10 9 4 0 0 0 0 0 0 0 0 0 0 0 0 0 0 0 0 0 0 0 0
2 7 8 6 5 6 7 9 15 15 11 4 0 0 0 0 0 0 0 0 0 0 0 0 0 0 4 6 6 4 4 5 6 7 4 5 4 4 5 7 10 8 6 0 0 0 0 0 0 0 0 0 0 0 0 0 0 0 0 0 0 0
4 6 6 7 8 9 10 10 16 17 15 11 0 0 0 0 0 0 0 0 0 0 0 2 8 10 9 4 3 4 5 7 5 5 4 4 4 3 8 12 10 9 3 0 0 0 0 0 0 0 0 0 0 0 0 0 0 0 0 0 0 0
4 6 6 6 8 9 13 14 16 18 16 13 0 0 0 0 0 0 0 0 0 0 0 0 1 4 11 12 9 4 3 7 5 7 7 6 5 4 3 3 6 11 9 8 4 0 0 0 0 0 0 0 0 0 0 0 0 0 0 0 0 0
7 11 9 2 2 5 16 16 13 11 8 5 0 0 0 0 0 0 2 3 2 2 1 1 2 7 10 8 8 7 5 3 3 3 3 4 5 7 7 6 5 1 0 0 0 0 0 0 0 0 0 0 0 0 0 0 0 0 0 0 0 0
2 9 11 10 11 9 10 11 18 16 12 3 0 0 0 0 0 0 0 0 0 0 0 0 4 8 9 8 8 6 4 5 6 6 6 4 3 5 6 7 9 8 8 2 0 0 0 0 0 0 0 0 0 0 0 0 0 0 0 0 0 0
2 8 11 11 5 9 10 12 18 16 12 4 0 0 0 0 0 0 0 0 0 0 0 1 7 8 8 6 6 4 7 7 6 5 4 7 7 8 8 8 5 4 2 0 0 0 0 0 0 0 0 0 0 0 0 0 0 0 0 0 0 0
3 4 4 6 8 13 13 13 15 13 9 4 0 0 0 0 0 0 0 0 0 0 0 0 6 10 9 10 6 4 4 3 6 8 8 5 4 4 4 3 5 5 1 0 0 0 0 0 0 0 0 0 0 0 0 0 0 0 0 0 0 0
2 7 12 10 9 10 11 18 17 5 2 2 0 0 0 0 0 0 0 0 0 0 0 3 5 7 5 4 4 4 4 7 7 6 4 3 3 3 3 6 10 9 5 2 1 0 0 0 0 0 0 0 0 0 0 0 0 0 0 0 0 0
4 6 6 6 6 8 12 13 17 17 15 8 0 0 0 0 0 0 0 0 0 0 0 0 6 10 10 10 5 5 4 7 6 6 6 4 4 4 6 10 11 4 0 0 0 0 0 0 0 0 0 0 0 0 0 0 0 0 0 0 0 0
2 3 3 4 4 6 6 10 14 15 15 10 0 0 0 0 0 0 0 0 0 0 0 0 5 8 5 5 4 3 4 6 7 5 4 3 3 4 7 11 7 1 0 0 0 0 0 0 0 0 0 0 0 0 0 0 0 0 0 0 0 0
3 4 9 14 14 14 13 12 12 19 15 10 0 0 0 1 2 2 1 1 3 3 2 4 4 8 10 7 4 3 3 6 5 5 3 3 3 3 3 7 9 8 7 3 1 3 2 0 0 0 0 0 0 0 0 1 1 2 2 3 1 0
3 4 6 7 8 13 13 14 17 14 9 4 0 0 0 0 0 0 0 0 0 0 0 0 7 10 9 10 6 6 5 4 6 9 9 5 4 4 4 3 5 5 1 0 0 0 0 0 0 0 0 0 0 0 0 0 0 0 0 0 0 0
7 8 8 7 5 7 9 10 14 16 14 11 0 0 0 0 0 0 0 0 0 0 0 0 0 1 7 8 7 5 5 6 6 6 5 5 3 3 5 11 11 10 9 3 0 0 0 0 0 0 0 0 0 0 0 0 0 0 0 0 0 0
5 6 6 5 5 9 11 14 14 15 9 9 0 0 0 0 0 0 0 0 0 0 0 0 3 9 12 11 6 3 4 4 7 7 6 5 3 3 3 7 9 6 0 0 0 0 0 0 0 0 0 0 0 0 0 0 0 0 0 0 0 0
2 9 11 7 4 5 9 11 18 19 14 7 0 0 0 0 0 0 0 0 0 0 0 0 0 5 5 7 5 6 5 3 7 7 5 6 6 7 8 6 9 8 4 3 2 1 1 0 0 0 0 0 0 0 0 0 0 0 0 0 0 0
3 4 6 7 6 10 12 13 16 18 15 11 0 0 0 0 0 0 0 0 0 0 0 1 6 10 11 8 4 3 5 6 6 5 5 4 4 3 3 7 10 10 7 3 0 0 0 0 0 0 0 0 0 0 0 0 0 0 0 0 0 0
5 7 5 12 13 7 7 9 8 16 12 4 0 0 0 0 0 0 0 0 0 0 0 1 7 7 9 5 4 2 3 3 3 6 6 6 6 6 5 8 8 6 4 0 0 0 0 0 0 0 0 0 0 0 0 0 0 0 0 0 0 0
4 5 5 4 4 7 11 15 15 15 10 10 0 0 0 0 0 0 0 0 0 0 0 0 2 9 10 7 6 6 3 4 5 7 6 5 3 3 5 8 10 6 0 0 0 0 0 0 0 0 0 0 0 0 0 0 0 0 0 0 0 0
2 2 2 2 2 5 6 7 9 9 15 10 0 1 1 3 3 1 2 1 0 0 0 0 0 4 6 6 2 2 1 3 4 4 4 2 2 2 2 2 6 4 3 0 0 0 0 0 0 0 0 0 0 0 0 0 0 0 0 0 0 0
8 12 10 3 2 5 5 8 17 17 13 5 0 0 0 0 0 0 0 0 0 0 0 0 5 9 10 7 6 5 5 5 5 4 3 4 5 7 7 7 7 4 0 0 0 0 0 0 0 0 0 0 0 0 0 0 0 0 0 0 0 0
2 7 8 6 6 7 7 10 15 16 11 3 0 0 0 0 0 0 0 0 0 0 0 0 0 0 4 6 6 4 4 5 6 7 4 5 4 4 4 7 10 9 6 3 0 0 0 0 0 0 0 0 0 0 0 0 0 0 0 0 0 0
5 8 8 7 11 12 11 11 14 18 15 9 0 0 0 0 0 0 0 0 0 0 0 3 4 10 11 9 6 3 4 7 6 7 5 4 3 3 3 9 11 10 9 2 0 0 0 0 0 0 0 0 0 0 0 0 0 0 0 0 0 0
8 10 9 11 14 15 15 14 15 13 8 5 0 0 0 0 0 0 0 0 0 0 0 4 10 11 10 8 6 5 4 6 8 7 4 4 4 4 9 12 10 7 3 1 0 0 0 0 0 0 0 0 0 0 0 0 0 0 0 0 0 0
5 7 7 8 12 14 14 15 16 14 10 4 0 0 0 0 0 0 0 0 0 0 0 3 9 11 11 7 4 4 4 5 7 8 6 4 4 4 6 6 11 9 3 0 0 0 0 0 0 0 0 0 0 0 0 0 0 0 0 0 0 0
5 7 6 7 8 11 12 14 18 15 10 2 0 0 0 0 0 0 0 0 0 0 0 0 3 9 10 9 5 3 4 5 6 5 5 4 3 3 4 4 11 12 8 2 0 0 0 0 0 0 0 0 0 0 0 0 0 0 0 0 0 0
3 3 6 7 8 7 9 11 15 18 16 8 0 0 1 1 0 0 0 0 1 3 3 8 11 11 10 6 3 4 3 3 4 5 6 4 3 3 4 5 5 4 0 0 0 0 0 0 0 0 0 0 0 0 0 0 0 0 0 0 0 0
2 4 4 5 5 8 11 17 17 15 9 9 0 0 0 0 0 0 0 0 0 0 0 3 9 12 6 5 3 4 5 7 9 5 5 5 5 3 4 3 2 1 1 2 2 2 2 1 0 0 0 0 0 0 0 0 0 0 0 0 0 0
7 10 11 8 13 14 14 16 15 14 9 4 0 0 0 0 0 0 0 0 0 0 0 0 9 10 10 9 6 6 4 6 8 9 7 6 4 4 6 7 11 9 4 0 0 0 0 0 0 0 0 0 0 0 0 0 0 0 0 0 0 0
2 6 6 9 12 14 14 13 17 15 10 4 0 0 0 0 0 0 0 0 0 0 1 6 9 9 10 6 4 4 4 7 8 8 6 4 4 4 3 9 9 7 0 0 0 0 0 0 0 0 0 0 0 0 0 0 0 0 0 0 0 0
3 4 4 4 4 4 7 11 12 12 9 3 0 0 0 0 0 0 0 0 0 0 0 0 0 6 6 4 4 4 4 3 6 5 5 4 3 3 3 6 5 5 1 0 0 0 0 0 0 0 0 0 0 0 0 0 0 0 0 0 0 0
4 5 5 6 6 9 10 14 14 14 10 10 0 0 0 0 0 0 0 0 0 0 0 0 2 9 12 7 5 5 4 4 7 9 7 5 3 3 3 7 9 6 0 0 0 0 0 0 0 0 0 0 0 0 0 0 0 0 0 0 0 0
3 5 8 8 13 13 16 16 11 11 4 2 0 0 0 0 0 0 0 3 3 1 1 1 3 8 10 10 6 3 3 3 8 8 9 7 4 3 2 3 3 5 3 0 0 0 0 0 0 0 0 0 0 0 0 0 0 0 0 0 0 0
2 7 8 6 6 6 8 11 14 17 15 9 0 0 0 0 0 0 0 0 0 0 0 0 5 10 11 8 4 3 3 4 3 5 6 4 3 3 3 5 11 10 8 0 0 0 0 0 0 0 0 0 0 0 0 0 0 0 0 0 0 0
5 9 8 8 11 12 16 18 11 2 2 2 0 0 0 0 0 0 0 0 0 0 0 1 4 8 9 7 5 4 3 3 4 4 3 3 3 5 7 6 7 7 7 4 0 0 0 0 0 0 0 0 0 0 0 0 0 0 0 0 0 0
8 10 11 13 13 15 15 15 19 18 11 5 0 0 0 0 0 0 0 0 0 0 0 4 10 10 10 8 8 8 4 6 8 7 4 4 4 4 7 11 11 9 4 0 0 0 0 0 0 0 0 0 0 0 0 2 1 4 4 1 0 0
3 7 8 7 8 6 9 11 17 16 11 4 0 0 0 0 0 0 0 0 0 0 0 2 7 8 6 5 4 4 4 6 5 4 3 4 6 7 9 9 9 5 0 0 0 0 0 0 0 0 0 0 0 0 0 0 0 0 0 0 0 0
4 8 10 6 4 5 8 10 17 16 12 4 0 0 0 0 0 0 0 0 0 0 0 0 0 5 5 8 7 6 6 4 7 7 5 4 6 6 7 5 8 6 2 0 0 0 0 0 0 0 0 0 0 0 0 0 0 0 0 0 0 0
7 7 7 9 10 10 10 19 19 13 3 2 0 0 0 0 0 0 0 0 0 0 1 3 7 10 9 7 5 3 4 5 6 7 5 5 4 4 4 7 9 8 3 0 0 0 0 0 0 0 0 0 0 0 0 0 0 0 0 0 0 0
2 3 2 2 3 5 10 15 17 17 14 9 0 0 0 0 0 0 0 0 0 0 0 0 0 4 5 5 5 4 4 5 7 6 7 6 5 4 4 6 10 9 3 0 0 0 0 0 0 0 0 0 0 0 0 0 0 0 0 0 0 0
5 8 10 9 11 11 12 12 16 17 15 9 0 1 3 2 0 0 0 0 0 0 0 0 6 9 11 11 7 3 4 5 6 6 6 4 4 3 3 5 10 11 10 5 0 0 0 0 0 0 0 0 0 0 0 0 0 0 0 0 0 0
4 8 8 7 9 11 10 11 15 17 15 9 0 0 0 0 0 0 0 0 0 0 0 0 4 8 11 10 6 3 4 5 6 6 6 4 4 3 3 5 10 11 10 5 0 0 0 0 0 0 0 0 0 0 0 0 0 0 0 0 0 0
3 9 13 13 8 8 8 8 15 16 11 4 0 0 0 0 0 0 0 0 0 0 0 3 6 8 7 6 6 6 7 7 8 3 3 5 6 8 7 9 9 2 0 0 0 0 0 0 0 0 0 0 0 0 0 0 0 0 0 0 0 0
3 10 13 14 9 8 9 10 16 15 10 4 0 0 0 0 0 0 0 0 0 0 0 1 7 8 9 7 6 6 5 6 7 6 3 6 7 8 8 8 8 5 0 0 0 0 0 0 0 0 0 0 0 0 0 0 0 0 0 0 0 0
6 7 7 9 9 9 9 11 18 17 13 3 0 0 0 0 0 0 0 0 0 0 0 3 8 10 8 6 5 3 4 6 7 8 4 4 4 4 4 9 10 8 2 1 0 0 0 0 0 0 0 0 0 0 0 0 0 0 0 0 0 0
2 2 3 6 8 9 9 10 14 17 15 7 0 1 0 0 0 0 0 0 0 0 0 1 4 7 8 7 3 4 3 5 5 5 5 3 3 3 5 7 8 3 0 0 0 3 5 3 1 0 0 0 0 0 0 0 0 0 0 0 0 0
