3 5 7 7 12 13 11 16 17 17 8 3 0 0 0 0 0 0 0 0 0 0 0 0 2 3 3 4 5 7 9 8 9 6 8 12 12 7 5 8 7 4 0 0 0 0 0 0 0 0 0 0 0 0 0 0 0 0 0 0 0 0
3 4 5 6 6 5 18 19 19 6 3 2 0 0 0 0 0 0 0 0 0 0 2 3 3 3 3 4 5 6 5 6 6 6 12 12 5 4 3 4 4 0 0 0 0 0 0 0 0 0 0 0 0 0 0 0 0 0 0 0 0 0
2 4 5 6 7 6 10 18 19 18 5 4 0 0 0 0 0 0 0 0 0 0 0 0 1 4 4 4 4 5 5 5 6 5 5 6 9 12 11 3 5 6 4 0 0 0 0 0 0 0 0 0 0 0 0 0 0 0 0 0 0 0
2 5 6 6 8 8 7 15 16 16 15 3 0 0 0 0 0 0 0 0 0 0 0 0 0 2 4 5 6 7 7 8 7 10 12 12 10 5 4 4 4 0 0 0 0 0 0 0 0 0 0 0 0 0 0 0 0 0 0 0 0 0
4 4 6 8 8 8 10 18 20 10 4 2 0 0 0 0 0 0 0 0 0 0 0 2 2 2 3 3 4 6 7 6 5 4 5 11 11 7 7 3 6 5 1 1 1 0 0 0 0 0 0 0 0 0 0 0 0 0 0 0 0 0
5 7 7 8 9 16 18 11 7 9 3 2 0 1 0 0 0 0 0 0 0 2 1 0 1 2 4 4 6 8 7 10 8 9 10 10 8 2 2 2 3 2 0 0 0 0 0 0 0 0 0 0 0 0 0 0 0 0 0 0 0 0
2 3 3 3 5 9 9 16 16 15 6 3 0 0 0 0 0 0 0 0 0 0 0 0 0 2 2 5 5 5 3 3 3 3 4 12 12 9 3 8 7 4 0 0 0 0 0 0 0 0 0 0 0 0 0 0 0 0 0 0 0 0
4 6 7 8 7 10 11 19 20 19 7 4 0 0 0 0 0 0 0 0 0 0 0 0 2 3 3 4 5 6 6 6 5 5 7 12 10 7 3 6 7 4 0 0 1 9 9 2 0 0 0 0 0 0 0 0 0 0 0 0 0 0
2 4 6 6 6 7 8 17 18 18 17 3 0 0 0 0 0 0 0 0 0 0 0 0 2 5 5 5 6 6 6 8 8 8 9 12 9 4 4 6 5 4 0 0 0 0 0 0 0 0 0 0 0 0 0 0 0 0 0 0 0 0
2 4 5 5 4 4 4 17 18 17 2 2 0 0 0 0 0 0 0 0 0 0 0 2 3 5 5 6 7 5 6 5 6 6 8 6 3 3 3 3 2 0 0 0 0 0 0 0 0 0 0 0 0 0 0 0 0 0 0 0 0 0
4 6 8 9 7 10 10 18 19 4 4 2 0 0 0 0 0 0 0 0 0 0 0 0 0 3 3 4 5 6 5 6 4 6 8 11 12 12 7 2 2 2 2 1 0 0 0 0 0 0 0 0 0 0 0 0 0 0 0 0 0 0
2 3 6 6 6 5 9 16 18 18 6 3 0 0 0 0 0 0 0 0 0 0 0 0 3 3 3 4 4 4 5 5 6 6 5 10 12 11 4 5 5 3 0 0 0 0 0 0 0 0 0 0 0 0 0 0 0 0 0 0 0 0
2 5 6 8 8 9 11 17 19 18 7 3 0 0 0 0 0 0 0 0 0 0 0 1 1 4 4 5 6 6 6 5 5 6 10 12 12 6 3 7 6 5 1 2 0 0 0 0 0 0 0 0 0 0 0 0 0 0 0 0 0 0
2 4 6 6 8 9 7 16 17 15 5 2 0 0 0 0 0 0 0 0 0 0 0 0 0 1 3 4 5 5 5 6 6 6 5 11 12 9 3 6 7 3 0 0 0 0 0 0 0 0 0 0 0 0 0 0 0 0 0 0 0 0
2 4 7 7 9 12 18 18 16 5 4 4 0 0 0 0 1 0 1 1 0 0 2 1 0 2 3 4 5 6 7 9 8 6 6 10 9 6 3 3 6 5 2 0 0 0 0 0 0 0 0 0 0 0 0 0 0 0 0 0 0 0
2 4 5 5 6 5 6 16 17 17 17 3 0 0 0 0 0 0 0 0 0 0 0 0 0 1 4 4 5 5 6 6 6 7 7 10 12 12 4 4 4 4 2 0 0 0 0 0 0 0 0 0 0 0 0 0 0 0 0 0 0 0
4 5 5 7 6 7 7 16 18 15 15 3 0 0 0 0 0 0 0 0 0 0 0 0 0 1 2 6 7 8 8 6 7 7 7 12 12 8 4 4 4 4 1 0 0 0 0 0 0 0 0 0 0 0 0 0 0 0 0 0 0 0
2 4 5 5 4 5 17 18 19 5 4 2 0 0 0 0 0 0 0 0 0 0 0 1 2 3 3 4 4 5 6 5 6 7 8 10 8 3 5 3 4 3 0 0 0 0 0 0 0 0 0 0 0 0 0 0 0 0 0 0 0 0
3 6 8 6 7 16 16 6 6 3 2 2 0 0 0 0 0 0 0 0 0 0 0 5 4 2 3 6 5 5 5 5 4 5 6 9 6 3 3 2 3 0 0 0 0 0 0 0 0 0 0 0 0 0 0 0 0 0 0 0 0 0
3 4 5 6 13 15 20 17 7 3 2 2 0 0 0 0 0 0 0 0 0 0 0 0 0 0 1 2 3 4 5 6 5 5 7 8 11 11 5 3 4 5 5 3 1 0 0 1 1 1 0 0 0 0 0 0 0 0 0 0 0 0
3 7 8 9 11 15 19 19 17 5 3 2 0 0 0 0 0 0 0 0 0 0 0 0 0 3 3 5 6 6 5 4 4 5 8 10 10 9 6 8 5 4 2 0 0 0 0 0 0 1 1 2 2 4 4 1 0 0 0 0 0 0
2 4 5 6 5 7 7 16 18 16 3 2 0 0 0 0 0 0 0 0 0 0 0 0 1 1 3 5 5 6 7 6 5 5 7 12 10 6 3 3 3 3 0 0 0 0 0 0 0 0 0 0 0 0 0 0 0 0 0 0 0 0
2 4 6 6 7 8 8 15 15 15 3 3 0 0 0 0 0 0 0 0 0 0 0 0 0 1 5 6 6 7 8 6 5 8 12 10 4 3 4 5 2 0 0 0 0 0 0 0 0 0 0 0 0 0 0 0 0 0 0 0 0 0
4 5 5 5 6 6 11 18 18 17 7 3 0 0 0 0 0 0 0 0 0 0 0 0 0 0 2 4 5 5 5 4 3 3 3 8 12 11 5 5 8 10 7 4 0 0 0 1 0 0 0 0 0 0 0 0 0 0 0 0 0 0
2 5 6 8 8 8 12 18 18 18 8 2 0 0 0 0 0 0 0 0 0 0 0 1 3 5 5 5 5 4 5 6 5 6 7 9 12 12 7 5 5 5 1 0 0 0 0 0 0 0 0 0 0 0 0 0 0 0 0 0 0 0
2 7 7 8 10 9 16 17 7 4 2 2 0 0 0 0 0 0 0 0 0 0 0 0 0 2 3 5 4 4 4 4 3 5 5 9 9 8 3 5 8 5 0 0 0 0 0 0 0 0 0 0 0 0 0 0 1 1 1 1 1 0
3 2 2 4 6 6 8 12 19 19 7 2 0 0 0 0 0 0 0 0 0 0 2 3 3 4 4 4 4 4 4 4 4 5 5 10 10 3 3 4 4 2 1 0 1 1 1 0 0 0 0 0 0 0 0 0 0 0 0 0 0 0
2 5 4 4 3 2 5 15 16 16 15 4 0 0 0 0 0 0 0 0 0 0 0 0 0 0 0 3 4 5 5 4 4 4 7 8 12 12 6 4 4 4 3 2 0 0 0 0 0 0 0 0 0 0 0 0 0 0 0 0 0 0
3 4 5 7 6 5 9 17 19 18 3 3 0 0 0 0 0 0 0 0 0 0 0 0 1 2 3 4 4 5 6 6 5 6 6 10 12 11 3 3 5 4 3 0 0 0 0 0 0 0 0 0 0 0 0 0 0 0 0 0 0 0
2 2 2 5 8 7 10 10 16 15 6 3 0 0 0 0 0 0 0 0 0 0 0 0 0 0 1 4 4 5 5 4 4 4 8 10 10 4 2 5 6 5 1 0 0 2 2 0 0 0 0 0 0 0 0 0 0 0 0 0 0 0
2 4 6 6 6 7 7 16 17 17 17 4 0 0 0 0 0 0 0 0 0 0 0 0 0 3 5 5 6 6 7 8 9 8 8 11 10 4 4 4 5 4 0 0 1 1 0 0 0 0 0 0 0 0 0 0 0 0 0 0 0 0
3 4 6 6 6 7 8 16 17 17 16 3 0 0 0 0 0 0 0 0 0 0 0 0 0 3 5 5 6 6 7 9 9 9 8 11 10 4 4 4 5 4 0 0 0 0 0 0 0 0 0 0 0 0 0 0 0 0 0 0 0 0
2 3 3 5 10 9 9 15 15 14 6 4 0 0 0 0 0 0 0 0 0 0 0 0 0 0 3 6 6 5 5 3 3 3 8 12 12 5 7 9 7 1 0 0 0 0 0 0 0 0 0 0 0 0 0 0 0 0 0 0 0 0
2 3 3 2 2 3 16 16 16 10 5 3 0 0 0 0 0 0 0 0 0 0 0 0 0 2 2 3 3 4 3 3 3 3 5 12 12 8 3 5 4 2 1 1 1 1 0 0 0 0 0 0 0 0 0 0 0 0 0 0 0 0
2 5 6 8 8 7 11 19 18 6 3 3 0 0 0 0 0 0 0 0 0 0 0 0 2 3 3 4 5 6 5 4 5 5 4 7 12 11 7 3 4 4 2 0 0 0 0 0 0 0 0 0 0 0 0 0 0 0 0 0 0 0
2 2 2 2 5 6 6 7 16 16 15 4 0 0 0 0 0 0 0 0 0 0 0 0 0 0 1 4 5 5 4 4 4 5 5 7 8 8 4 3 5 3 1 0 0 0 0 0 0 0 0 0 0 1 4 2 0 0 0 0 0 0
2 5 5 5 4 10 17 18 18 2 3 2 0 0 0 0 0 0 0 0 0 0 2 3 3 4 4 5 6 5 6 6 6 9 10 6 4 4 4 4 0 0 0 0 0 0 0 0 0 0 0 0 0 0 0 0 0 0 0 0 0 0
2 4 7 6 7 10 9 15 16 15 6 3 0 0 0 0 0 0 0 0 0 0 0 0 0 3 4 5 6 5 7 6 5 4 11 12 10 4 5 6 3 0 0 0 0 0 0 0 2 2 0 0 0 0 0 0 0 0 0 0 0 0
2 3 3 3 5 9 9 16 16 15 6 3 0 0 0 0 0 0 0 0 0 0 0 0 0 2 2 5 5 5 3 3 3 3 4 12 12 9 3 8 7 4 0 0 0 0 0 0 0 0 0 0 0 0 0 0 0 0 0 0 0 0
2 4 6 6 7 8 8 15 15 15 3 3 0 0 0 0 0 0 0 0 0 0 0 0 0 1 5 6 7 7 8 6 5 7 12 10 4 3 4 5 2 0 0 0 0 0 0 0 0 0 0 0 0 0 0 0 0 0 0 0 0 0
2 4 5 7 6 6 16 18 18 5 5 2 0 2 2 0 0 0 0 0 0 0 0 0 2 2 3 3 4 5 6 6 5 5 5 8 12 10 3 4 4 3 0 0 0 0 0 0 0 0 0 0 0 0 0 0 0 0 0 0 0 0
2 3 3 3 5 9 17 17 16 6 3 3 0 0 0 0 0 0 0 0 0 0 0 0 2 2 3 4 4 4 3 3 3 3 4 11 12 9 4 7 6 3 0 0 0 0 0 0 0 0 0 0 0 0 0 0 0 0 0 0 0 0
