5 13 17 13 10 8 4 5 10 14 13 6 0 0 0 0 0 0 0 0 0 0 0 0 4 7 7 6 4 5 7 7 8 10 10 7 6 5 6 8 7 4 0 0 0 0 0 0 0 0 0 0 0 0 0 0 0 0 0 0 0 0
5 13 17 15 12 11 5 7 13 14 14 6 0 0 0 0 0 0 0 0 0 0 0 0 4 7 8 6 5 10 9 7 8 10 10 7 6 5 6 8 7 6 3 0 0 0 0 0 0 0 0 0 0 0 0 0 0 0 0 0 0 0
5 13 18 13 11 10 19 16 11 5 2 2 0 0 0 0 0 0 0 0 0 0 0 3 5 7 5 5 6 6 7 6 7 8 6 5 7 6 7 8 8 7 2 1 2 1 0 0 0 0 0 0 0 0 0 0 0 0 0 0 0 0
8 15 17 15 10 10 11 15 17 16 6 2 0 0 0 0 0 0 0 0 0 0 0 0 4 7 9 7 7 7 6 9 9 8 9 9 7 6 7 8 9 9 4 1 0 0 0 0 0 0 0 0 0 0 0 0 0 0 0 0 0 0
6 13 16 16 13 8 9 12 14 14 15 10 0 0 0 0 0 0 0 0 0 0 0 0 0 0 4 5 6 8 9 10 10 9 9 11 9 9 8 9 11 10 7 2 0 0 0 0 0 0 0 0 0 0 0 0 0 0 0 0 0 0
4 12 16 18 13 9 11 12 14 19 15 10 0 0 0 0 0 0 0 0 0 0 3 5 7 9 7 6 7 8 10 9 9 9 8 7 7 7 9 11 9 6 0 0 0 0 0 0 0 0 0 0 0 0 0 0 0 0 0 0 0 0
2 2 2 2 2 2 13 16 9 7 13 16 0 0 0 0 0 0 1 1 1 1 1 2 1 1 5 5 4 4 5 6 5 4 5 4 3 3 3 5 6 5 4 1 0 0 0 0 0 0 0 0 0 0 0 0 0 0 0 0 0 0
8 15 17 15 11 9 10 12 16 18 14 7 0 0 0 0 0 0 0 0 0 0 0 2 7 10 9 7 7 7 6 9 8 11 10 9 6 6 7 8 10 8 4 1 0 0 0 0 0 0 0 0 0 0 0 0 0 0 0 0 0 0
2 2 6 16 18 14 10 11 10 12 17 12 0 0 0 0 0 0 0 0 0 0 0 1 4 7 8 6 4 5 5 8 7 7 8 5 5 5 5 7 8 8 9 3 0 0 0 0 0 0 0 0 0 0 0 0 0 0 0 3 2 0
3 11 17 18 13 10 11 10 17 17 12 4 0 0 0 0 0 0 0 0 0 0 0 3 9 9 7 7 7 8 9 8 7 7 7 6 8 6 8 9 9 8 1 0 0 0 0 0 0 0 0 0 0 0 0 0 0 0 0 0 0 0
3 10 15 16 13 10 10 10 18 16 12 3 0 0 0 0 0 0 0 0 0 0 0 3 7 9 7 6 6 6 8 7 8 9 8 8 7 7 8 9 8 5 0 0 0 0 0 0 0 0 0 0 0 0 0 0 0 0 0 0 0 0
4 12 16 18 14 11 11 9 13 17 15 11 0 0 0 0 0 0 0 0 0 0 0 1 5 8 8 8 7 8 11 10 10 8 9 8 7 7 6 10 9 8 3 0 0 0 0 0 0 0 0 0 0 0 0 0 0 0 0 0 0 0
4 13 16 18 14 6 7 9 11 16 14 10 0 0 0 0 0 0 0 0 0 0 0 0 0 0 5 7 7 7 8 10 9 10 9 9 7 7 7 8 10 9 6 3 0 0 0 0 0 0 0 0 0 0 0 0 0 0 0 0 0 0
4 12 15 12 7 6 6 6 10 16 14 6 0 0 0 0 0 0 0 0 0 0 0 2 7 7 7 5 5 5 8 9 8 11 8 6 5 6 6 6 3 0 0 0 0 0 0 0 0 0 0 0 0 0 0 0 0 0 0 0 0 0
5 14 18 20 16 11 12 9 13 18 16 9 0 0 0 0 0 0 0 0 0 3 6 3 4 7 9 8 7 6 7 9 9 8 9 8 7 7 7 7 10 9 9 2 0 0 0 0 0 0 0 0 0 0 0 0 0 0 0 0 0 0
3 11 16 12 9 11 14 20 18 5 2 2 0 0 0 0 0 0 0 0 0 0 0 0 0 5 7 7 4 4 5 7 7 6 7 8 7 7 7 8 7 7 6 3 1 1 1 0 1 0 0 0 0 0 0 0 0 0 0 0 0 0
4 11 16 17 13 8 10 13 18 17 10 3 0 0 0 0 0 0 0 0 0 0 0 0 2 8 8 7 6 6 8 8 7 7 9 9 8 10 7 6 9 8 7 0 0 0 0 0 0 0 0 0 0 0 0 0 0 0 0 0 0 0
9 11 10 7 4 4 4 3 8 14 12 6 0 0 0 0 0 0 0 0 0 0 0 0 0 3 4 5 6 8 9 7 8 7 6 6 5 6 7 5 0 0 0 0 0 0 0 0 0 0 0 0 0 0 0 0 0 0 0 0 0 0
6 13 16 16 15 9 10 12 18 18 15 8 0 0 0 0 0 0 0 0 0 0 0 0 2 4 9 10 8 9 8 10 10 8 9 11 9 10 8 8 9 10 4 0 0 0 0 0 0 0 0 0 0 0 0 0 0 0 0 0 0 0
3 10 14 10 6 5 4 4 9 13 12 5 0 0 0 0 0 0 0 0 0 0 0 3 3 2 3 5 6 10 8 8 9 7 5 5 6 7 5 3 0 0 0 0 0 0 0 0 0 0 0 0 0 0 0 0 0 0 0 0 0 0
7 13 16 16 13 10 10 11 16 16 14 8 0 0 0 0 0 0 0 0 0 0 0 0 2 9 9 9 8 9 10 9 6 9 10 10 9 8 8 9 10 6 0 0 0 0 0 0 0 0 0 0 0 0 0 0 0 0 0 0 0 0
5 14 17 13 10 8 5 6 11 14 14 7 0 0 0 0 0 0 0 0 0 0 0 0 4 7 7 6 4 5 9 11 8 10 10 7 6 5 6 8 7 4 0 0 0 0 0 0 0 0 0 0 0 0 0 0 0 0 0 0 0 0
3 9 9 12 11 10 10 9 13 12 12 8 0 0 0 0 0 0 0 0 0 0 0 0 0 0 0 0 0 5 9 8 10 7 8 10 8 9 8 8 9 11 8 0 0 0 0 0 0 0 0 0 0 0 0 0 0 0 0 0 0 0
2 8 15 16 14 7 7 7 14 17 17 10 0 0 0 0 0 0 0 0 0 0 0 1 6 9 7 8 6 7 6 9 9 8 8 8 7 8 8 10 7 1 1 0 0 0 0 0 0 0 0 0 0 0 0 0 0 0 0 0 0 0
4 9 14 16 10 7 6 7 14 13 10 3 0 0 0 0 0 0 0 0 0 0 0 0 0 1 4 5 7 7 7 7 7 9 6 8 9 8 7 9 8 4 0 0 0 0 0 0 0 0 0 0 0 0 0 0 0 0 0 0 0 0
7 13 16 16 11 7 9 11 16 16 14 8 0 0 0 0 0 0 0 0 0 0 0 0 2 7 7 8 9 10 10 9 8 10 10 10 8 8 8 11 8 1 0 0 0 0 0 0 0 0 0 0 0 0 0 0 0 0 0 0 0 0
10 15 13 7 8 10 10 13 15 16 14 9 0 0 0 0 0 0 0 0 0 0 0 0 0 0 0 5 10 11 7 8 8 9 9 9 8 9 11 10 6 5 6 6 1 0 0 0 0 0 0 1 1 0 0 0 0 0 0 0 0 0
4 12 16 16 13 9 9 10 10 16 15 12 0 0 0 0 0 0 0 0 0 0 0 0 0 0 6 7 6 7 11 10 9 9 10 11 8 7 7 10 10 9 5 0 0 0 0 0 0 0 0 0 0 0 0 0 0 0 0 0 0 0
5 13 16 13 11 12 12 11 14 17 13 2 0 0 0 0 0 0 0 0 0 0 0 4 4 6 9 8 8 6 5 10 10 7 8 6 6 5 5 4 8 10 7 3 0 0 0 0 0 0 0 0 0 0 0 0 0 0 0 0 0 0
5 9 13 10 8 6 3 3 8 11 9 6 0 0 0 0 0 0 0 0 0 0 0 0 0 0 0 1 4 5 7 9 10 9 9 5 6 6 7 8 5 0 0 0 0 0 0 0 0 0 0 0 0 0 0 0 0 0 0 0 0 0
2 8 10 10 7 8 9 8 11 11 10 4 0 0 0 0 0 0 0 0 0 0 0 0 0 0 0 0 0 6 9 8 6 8 9 10 8 9 6 8 7 4 0 0 0 0 0 0 0 0 0 0 0 0 0 0 0 0 0 0 0 0
7 13 17 10 7 9 12 18 21 8 3 2 0 0 0 0 0 0 0 0 0 0 0 0 0 4 7 7 5 5 5 4 7 7 7 7 7 6 6 6 5 6 7 6 3 2 1 0 1 1 2 2 1 0 0 0 0 0 0 0 0 0
2 2 9 15 18 14 7 6 7 11 13 7 0 0 0 0 0 0 0 0 0 0 0 0 0 0 3 5 6 6 8 8 7 6 7 7 5 6 6 7 6 3 0 0 0 0 0 0 0 0 0 0 0 0 0 0 0 3 7 5 0 0
8 13 16 15 8 4 6 8 14 15 14 8 0 0 0 0 0 0 0 0 0 0 0 2 6 8 8 8 8 8 9 9 8 7 8 7 6 7 8 9 3 0 0 0 0 0 0 0 0 0 0 0 0 0 0 0 0 0 0 0 0 0
8 15 17 14 10 7 6 7 15 17 16 6 0 0 0 0 0 0 0 0 0 0 0 0 3 8 9 6 8 6 8 7 10 10 8 7 7 6 8 8 9 9 1 0 0 0 0 0 0 0 0 0 0 0 0 0 0 0 0 0 0 0
