2 17 18 18 6 5 5 5 7 12 10 6 0 0 0 0 0 0 0 0 0 0 0 0 3 3 3 3 5 9 10 8 7 6 6 6 6 6 7 10 9 2 1 1 0 0 0 0 0 0 0 0 0 0 0 0 0 0 0 0 0 0
18 19 18 8 6 8 7 8 12 13 9 5 0 0 0 0 0 0 0 0 0 0 0 0 2 3 3 3 5 9 10 10 8 7 7 6 6 7 7 7 11 10 9 1 0 0 0 0 0 0 0 0 0 0 0 0 0 0 0 0 0 0
6 21 20 20 8 8 6 6 12 12 12 6 0 2 0 0 0 0 0 0 0 0 3 4 4 3 3 3 3 7 10 9 7 7 7 6 7 7 6 8 11 9 4 0 1 1 0 0 0 1 0 1 1 2 0 0 0 0 0 0 0 0
17 17 16 4 5 5 5 6 8 12 11 7 0 0 0 0 0 0 0 0 0 0 0 0 2 2 3 3 5 9 11 11 7 6 6 6 6 6 7 8 11 4 0 0 0 0 0 0 0 0 0 0 0 0 0 0 0 0 0 0 0 0
2 3 19 19 20 7 7 8 7 13 10 5 0 0 1 1 0 0 0 0 0 2 5 4 3 3 3 7 8 8 7 5 5 6 5 6 6 6 9 9 8 3 0 0 0 0 0 0 0 0 0 0 0 0 0 0 0 0 0 0 0 0
14 16 16 5 6 8 7 9 14 13 9 2 0 0 0 0 0 0 0 0 0 0 0 0 0 2 3 4 5 10 10 9 7 6 6 6 6 6 6 10 8 0 0 0 0 0 0 0 0 0 0 0 1 2 1 1 2 1 1 3 2 1
2 4 19 21 21 10 6 5 7 12 11 8 0 0 0 0 0 0 0 0 0 0 0 3 3 4 3 4 4 9 9 8 7 6 6 6 6 6 7 11 9 6 3 1 0 0 0 0 0 3 2 0 0 0 0 0 0 0 0 0 0 0
4 15 17 6 7 7 3 6 10 3 2 2 0 0 0 0 0 0 0 0 0 0 0 0 0 3 3 2 3 5 7 8 8 4 6 6 4 3 4 7 5 4 0 0 0 0 0 0 0 0 0 0 0 0 0 0 0 0 0 0 0 0
16 18 18 2 3 5 8 11 10 2 2 2 0 0 0 0 0 0 0 0 0 0 0 0 2 2 3 3 3 7 12 10 6 7 5 5 5 5 6 6 6 4 0 0 0 0 0 0 0 0 0 0 0 0 0 0 0 0 0 0 0 0
15 17 16 8 7 7 6 7 11 12 11 5 0 0 0 0 0 0 0 0 0 0 0 0 0 0 0 3 6 11 11 10 8 8 6 6 7 6 6 11 10 8 4 1 0 0 0 0 0 0 0 0 0 0 0 0 0 0 0 0 0 0
16 18 18 8 6 6 6 7 11 12 10 5 0 0 0 0 0 0 0 0 0 0 0 0 0 0 2 2 3 4 10 11 11 7 7 7 6 7 7 6 8 10 9 6 0 0 0 0 0 0 0 0 0 0 0 0 0 0 0 0 0 0
2 6 20 18 8 6 5 5 6 12 10 5 0 0 0 0 0 0 0 0 0 0 1 2 4 3 2 2 2 5 8 7 5 4 4 6 5 5 5 6 9 11 6 1 0 0 0 0 0 0 0 0 0 0 0 0 0 0 0 0 0 0
4 15 17 17 4 5 5 5 9 14 12 9 0 0 0 0 0 0 0 0 0 0 0 0 0 2 2 3 5 9 11 11 10 7 6 6 6 6 7 7 9 9 0 0 0 0 0 0 0 0 0 0 0 0 0 0 0 0 0 0 0 0
14 15 14 6 4 4 4 5 9 12 10 6 0 0 0 0 0 0 0 0 0 0 0 0 0 0 1 2 6 11 11 8 7 6 6 6 6 6 8 10 8 1 0 0 0 0 0 0 0 0 0 0 0 0 0 0 0 0 0 0 0 0
2 5 8 20 20 20 8 6 6 10 11 8 0 3 2 2 1 0 0 0 0 0 1 3 4 4 3 5 6 7 10 10 6 6 5 5 5 5 7 6 8 6 4 0 0 0 0 0 0 0 0 0 0 0 0 0 0 0 0 0 0 0
2 4 17 18 18 7 5 5 9 11 9 6 0 0 0 0 0 0 0 0 0 0 2 4 5 3 3 3 4 7 8 8 8 8 7 6 6 6 8 8 5 2 0 0 0 0 0 0 0 0 0 0 0 0 0 0 0 0 0 0 0 0
2 3 15 14 7 5 5 5 6 13 12 7 0 0 0 0 0 0 0 0 0 0 0 0 0 0 0 1 4 9 8 5 5 5 5 5 5 4 5 10 12 9 2 0 0 0 0 0 0 0 0 0 0 0 0 0 0 0 0 0 0 0
2 17 18 15 5 3 4 5 8 11 9 6 0 0 0 0 0 0 0 0 0 0 0 0 3 3 3 3 3 3 7 10 9 7 7 6 6 6 6 7 6 7 0 0 0 0 0 0 0 0 0 0 0 0 0 0 0 0 0 0 0 1
2 18 19 16 9 3 4 7 10 12 9 6 0 0 0 0 0 0 0 0 0 0 3 3 3 4 3 4 8 9 8 7 7 7 6 7 8 8 8 10 2 0 0 0 0 0 0 0 0 0 0 0 0 0 0 0 0 0 0 0 0 0
17 21 21 10 9 10 6 7 12 12 10 5 0 0 0 0 0 0 0 0 0 0 0 0 0 3 3 3 4 10 11 11 7 7 7 6 7 7 6 9 10 9 7 1 1 3 3 2 2 1 0 0 0 0 0 0 0 0 0 0 0 0
18 19 17 6 6 6 9 8 12 13 9 5 0 0 0 0 0 0 0 0 0 0 0 0 0 2 2 3 3 3 9 10 11 9 7 7 6 6 7 6 7 10 10 8 2 0 0 0 0 0 0 0 0 0 0 0 0 0 0 0 0 0
2 2 3 6 18 18 6 6 6 9 10 8 0 0 0 0 0 0 0 0 0 0 0 1 4 6 5 3 2 4 6 7 8 5 5 4 4 4 4 5 4 6 5 2 0 0 0 0 0 0 0 0 0 0 0 0 0 0 0 0 0 0
13 14 13 6 4 3 3 4 9 11 9 6 0 0 0 0 0 0 0 0 0 0 0 0 0 0 1 2 4 10 10 8 7 6 6 6 7 6 8 8 6 0 0 0 0 0 0 0 0 0 0 0 0 0 0 0 0 0 0 0 0 0
2 5 19 17 3 3 5 5 9 9 7 3 0 0 0 0 0 0 0 0 0 0 1 2 2 2 3 6 7 8 5 4 4 5 5 5 7 6 6 4 0 0 0 0 0 0 1 2 2 0 0 0 0 0 0 0 0 0 0 0 0 0
2 17 18 16 6 3 4 4 8 11 9 7 0 0 0 0 0 0 0 0 0 0 3 3 3 3 3 4 6 9 7 7 7 6 6 6 6 8 8 9 1 0 0 0 0 0 0 0 0 0 0 0 0 0 0 0 0 0 0 0 0 0
4 19 19 17 7 4 5 7 13 13 11 5 0 0 0 0 0 0 0 0 0 0 3 3 4 3 3 4 8 9 8 6 6 7 7 6 7 7 7 11 10 4 1 0 0 0 0 0 0 0 0 0 0 0 0 0 0 0 0 0 0 0
15 16 15 5 7 6 6 7 9 11 8 4 0 0 0 0 0 0 0 0 0 0 0 0 0 1 2 3 4 8 9 11 9 8 6 6 6 6 6 8 8 7 1 0 0 0 0 0 0 0 0 0 0 0 0 0 0 0 0 0 0 0
15 17 18 5 5 5 5 6 9 13 11 7 0 0 0 0 0 0 0 0 0 0 0 2 3 3 3 3 4 9 11 10 7 7 6 6 6 6 8 8 9 5 0 0 0 0 0 0 0 0 0 0 0 0 0 0 0 0 0 0 0 0
15 16 15 5 5 7 7 6 8 10 9 4 0 0 0 0 0 0 0 0 0 0 0 0 2 2 3 3 4 7 10 11 9 7 6 6 6 6 6 10 7 2 0 0 0 0 0 0 0 0 0 0 0 0 0 0 0 0 0 0 0 0
2 18 19 8 7 6 8 8 9 12 9 4 0 0 0 0 0 0 0 0 0 0 0 0 0 2 2 2 2 2 8 9 9 8 4 5 5 5 6 6 6 10 9 6 3 1 0 0 0 0 0 0 0 0 0 0 0 0 0 0 0 0
3 18 20 19 6 6 7 5 7 13 12 8 0 0 0 0 0 0 0 0 0 0 1 3 4 3 3 4 3 9 10 9 8 6 6 6 6 6 7 8 10 8 3 1 0 0 0 0 0 0 0 0 0 0 0 0 0 0 0 0 0 0
16 19 19 7 7 8 8 9 13 11 8 2 0 0 0 0 0 0 0 0 0 0 0 2 2 3 3 5 7 8 10 11 10 8 7 6 6 6 7 7 10 6 3 0 0 0 0 0 0 0 0 0 0 0 0 0 0 0 0 0 0 0
2 4 19 17 7 4 6 5 7 13 11 6 0 0 0 0 0 0 0 0 0 1 3 2 3 2 3 2 7 8 7 5 4 5 5 5 5 5 5 10 9 4 1 0 0 0 0 0 0 0 0 0 0 0 0 0 0 0 0 0 0 0
4 17 19 18 8 6 5 6 12 13 11 5 0 0 0 0 0 0 0 0 0 0 0 2 2 3 3 3 4 7 10 9 7 8 7 6 7 7 6 8 11 9 5 0 0 0 0 0 0 0 0 0 0 0 0 0 0 0 0 0 0 0
3 18 18 17 7 5 4 7 12 13 11 8 0 0 0 0 1 4 4 1 0 0 1 3 4 4 3 3 4 8 8 9 8 7 6 6 6 6 7 7 8 5 0 0 0 0 0 0 0 0 0 0 0 0 0 0 0 0 0 0 0 0
17 18 18 7 5 3 3 5 9 12 10 6 0 0 0 0 0 0 0 0 0 0 0 1 3 4 3 3 3 7 10 9 8 7 6 6 6 6 7 7 10 7 0 0 0 0 0 0 0 0 0 0 0 0 0 0 0 0 0 0 0 0
16 18 18 7 7 4 4 6 10 11 8 3 0 0 0 0 0 0 0 0 0 0 0 0 2 3 3 3 3 3 8 10 9 9 6 8 6 6 6 6 8 9 4 0 0 0 0 0 0 0 0 0 0 0 0 0 0 0 0 0 0 0
19 20 8 8 9 9 9 13 13 10 2 2 0 0 0 0 0 0 0 0 0 0 0 0 2 2 2 2 4 8 9 10 8 7 7 7 7 5 5 9 10 9 8 1 0 0 0 0 0 0 0 0 0 0 0 0 0 0 0 0 0 0
15 18 18 6 4 6 6 6 9 13 11 8 0 0 0 0 0 0 0 0 0 0 0 2 2 3 4 8 10 11 8 7 6 6 6 6 7 7 9 11 7 0 0 0 0 0 0 0 0 0 0 0 0 0 0 0 0 0 0 0 0 0
17 18 20 11 14 8 6 9 12 10 5 2 0 0 0 0 0 0 0 0 0 0 2 3 3 3 3 9 9 9 9 7 8 9 9 8 8 8 10 8 4 3 0 0 0 0 0 0 0 0 0 0 0 0 0 0 0 0 0 0 0 0
3 16 17 16 8 7 7 6 13 14 13 5 0 0 0 0 0 0 0 0 0 0 0 0 0 2 3 3 6 10 10 9 6 7 8 6 8 7 6 9 11 10 2 1 0 1 0 0 0 0 0 0 0 0 0 0 0 0 0 0 0 0
16 18 17 7 7 7 10 11 9 6 3 2 0 0 0 0 0 0 0 0 0 0 1 2 3 3 3 3 3 6 8 9 6 7 7 12 11 6 8 7 5 3 0 0 0 0 0 0 0 0 0 0 0 0 0 0 0 0 0 0 0 0
2 17 19 8 6 8 8 8 10 12 10 5 0 0 0 0 0 0 0 0 0 0 0 0 1 2 2 2 3 8 9 10 8 4 5 6 6 6 5 7 11 9 6 3 0 0 0 0 0 0 0 0 0 0 0 0 0 0 0 0 0 0
2 19 19 18 6 6 7 8 13 13 11 5 0 0 0 0 0 0 0 0 0 0 1 3 3 3 3 3 4 8 9 9 6 6 7 7 6 7 7 9 11 8 5 1 1 0 0 0 0 0 0 0 0 0 0 0 0 0 0 0 0 0
2 17 18 16 6 5 5 5 7 12 10 6 0 0 0 0 0 0 0 0 0 0 0 0 3 3 3 3 5 9 10 8 7 6 6 6 6 6 7 10 9 2 0 0 0 0 0 0 0 0 0 0 0 0 0 0 0 0 0 0 0 0
17 19 19 5 6 7 7 8 10 14 11 9 0 0 0 0 0 0 0 0 0 0 1 2 3 3 3 4 5 10 11 11 7 7 6 6 6 6 7 8 11 8 5 2 0 0 0 0 0 0 0 0 0 0 0 0 0 0 0 0 0 0
3 8 21 15 7 6 8 8 8 13 12 5 0 0 0 0 0 0 0 0 0 0 0 0 0 2 2 2 5 10 9 8 6 5 5 5 5 5 4 8 9 10 5 2 1 2 1 0 0 0 0 0 0 0 1 2 0 0 0 0 0 0
