6 10 12 8 6 6 6 4 5 14 16 15 0 0 0 0 0 0 0 0 0 0 0 0 1 2 3 3 8 10 10 6 6 6 6 6 6 8 10 10 7 0 0 0 0 0 0 0 0 0 0 0 0 0 0 0 0 0 0 0 0 0
6 9 11 6 2 2 7 16 18 18 4 2 0 0 0 0 0 0 0 0 0 0 1 2 3 3 3 3 7 8 7 6 6 7 6 6 7 8 9 7 2 0 0 0 0 0 0 0 0 0 0 0 0 0 0 0 0 0 0 0 0 0
4 10 12 11 8 6 8 6 6 20 21 19 0 0 0 0 0 0 0 0 0 0 0 2 2 3 3 3 3 7 9 11 8 7 7 6 6 7 6 7 11 10 9 4 0 0 0 0 0 0 0 0 0 0 0 0 0 0 0 0 0 0
6 7 9 7 10 9 14 14 16 14 11 2 0 0 0 0 0 0 0 0 0 0 0 0 0 0 1 3 4 5 6 7 7 10 10 10 8 9 8 11 11 7 2 0 0 0 0 0 0 0 0 0 0 0 0 0 0 0 0 0 0 0
8 12 12 10 6 3 3 7 20 21 20 4 0 0 0 0 0 0 0 0 0 0 0 3 4 4 3 3 3 4 8 8 7 7 6 7 6 6 7 10 11 11 7 1 0 0 0 0 0 0 0 0 0 0 0 0 0 0 0 0 0 0
7 10 12 9 6 5 7 11 20 20 19 3 0 0 0 0 0 0 0 0 0 0 1 3 5 3 3 3 6 9 10 10 7 6 6 6 6 8 7 9 9 7 5 0 0 0 0 0 0 0 0 0 0 0 0 0 0 0 0 0 0 0
3 7 10 7 6 4 4 4 6 16 17 16 0 0 0 0 0 0 0 0 0 0 0 0 0 2 3 3 4 3 3 9 8 7 5 5 6 6 7 6 11 9 3 0 0 0 0 0 0 0 0 0 0 0 0 0 0 0 0 0 0 0
4 9 11 11 7 7 9 8 8 17 19 18 0 0 0 0 0 0 0 0 0 0 0 0 2 3 3 6 8 9 10 8 6 7 6 6 7 7 9 11 10 8 2 0 0 0 0 0 0 0 0 0 0 0 0 0 0 0 0 0 0 0
7 11 12 10 5 3 4 7 19 21 19 3 0 1 0 0 0 0 0 0 0 0 0 3 4 4 3 3 3 4 8 8 6 7 6 7 7 6 7 9 10 10 5 0 0 0 0 0 0 0 0 0 0 0 0 0 0 0 0 0 0 0
4 9 11 13 7 6 9 8 9 17 19 19 0 0 0 0 0 0 0 0 0 0 0 1 2 3 3 6 8 9 10 7 6 7 7 7 7 8 9 11 10 8 2 0 0 0 0 0 0 0 0 0 0 0 0 0 0 0 0 0 0 0
4 9 11 9 7 6 6 5 5 15 17 16 0 0 0 0 0 0 0 0 0 0 0 0 1 2 3 3 3 8 10 10 6 5 6 6 6 7 8 11 10 5 0 0 0 0 0 0 0 0 0 0 0 0 0 0 0 0 0 0 0 0
4 9 10 9 5 5 6 7 16 18 17 2 0 0 0 0 0 0 0 0 0 0 0 1 2 3 3 3 4 8 8 6 5 5 6 8 7 8 10 10 9 2 0 0 0 0 0 0 0 0 0 0 0 0 0 0 0 0 0 0 0 0
7 10 12 7 6 5 6 14 16 16 2 2 0 0 0 0 0 0 0 0 0 0 0 0 1 2 3 3 6 8 8 8 6 6 6 6 7 8 10 9 6 0 0 0 0 0 0 0 0 0 0 0 0 0 0 0 0 0 0 0 0 0
8 12 13 8 5 6 10 19 20 19 5 2 0 0 0 0 0 0 0 0 0 0 0 3 4 5 4 3 3 4 8 9 7 6 7 7 6 6 6 7 10 11 9 2 0 0 0 0 0 0 0 0 0 0 0 0 0 0 0 0 0 0
7 12 11 6 3 3 10 16 18 18 4 2 0 0 0 0 0 0 0 0 0 0 1 2 3 3 3 3 7 8 7 7 7 7 6 7 7 8 9 11 3 1 0 0 0 0 0 0 0 0 0 0 0 0 0 0 0 0 0 0 0 0
4 8 10 8 5 6 6 5 18 18 16 2 0 0 0 0 0 0 0 0 0 0 0 0 2 2 3 3 3 3 7 9 8 6 5 6 6 6 6 8 10 8 3 2 0 0 0 0 0 0 0 0 0 0 0 0 0 0 0 0 0 0
2 2 2 11 13 10 7 8 10 20 19 2 0 0 0 0 0 0 0 0 0 0 0 0 3 4 3 2 2 2 6 7 7 5 4 4 4 4 4 5 5 8 7 6 0 0 0 0 0 0 1 1 1 2 2 2 1 1 2 1 0 0
2 8 11 13 12 9 7 11 19 19 17 4 0 0 0 0 0 0 0 0 0 0 0 1 3 4 3 3 4 10 9 8 8 10 9 8 8 8 7 10 8 8 3 0 0 0 0 0 0 0 0 0 0 0 0 0 0 0 0 0 0 0
7 10 11 5 4 4 7 8 18 18 16 2 0 0 0 0 0 0 0 0 0 0 0 0 0 3 4 3 3 3 7 8 7 6 6 6 6 6 7 8 11 10 5 1 0 0 0 0 0 0 0 0 0 0 0 0 0 0 0 0 0 0
6 9 11 7 4 6 6 6 6 14 15 14 0 0 0 0 0 0 0 0 0 0 0 0 0 0 1 3 6 8 9 7 6 6 6 6 6 6 11 11 10 2 0 0 0 0 0 0 0 0 0 0 0 0 0 0 0 0 0 0 0 0
2 4 10 12 11 11 10 6 5 18 19 17 0 0 0 0 0 0 0 0 0 0 0 0 2 3 3 3 4 7 8 8 7 6 6 7 6 6 9 10 10 9 4 2 3 2 0 0 0 0 0 0 0 0 0 0 0 0 0 0 0 0
7 10 12 9 5 4 6 6 16 17 15 3 0 0 0 0 0 0 0 0 0 0 0 0 0 1 2 3 9 10 8 8 7 6 6 6 6 8 9 10 8 3 0 0 0 0 0 0 0 0 0 0 0 0 0 0 0 0 0 0 0 0
8 12 13 11 8 5 5 5 18 20 20 3 0 0 0 0 0 0 0 0 0 1 2 2 3 3 3 3 5 10 10 9 8 6 7 6 6 7 8 9 10 7 3 0 0 0 0 0 0 0 0 0 0 0 0 0 0 0 0 0 0 0
3 8 10 7 5 5 6 5 18 18 16 2 0 0 0 0 0 0 0 0 0 0 0 0 2 2 3 3 3 3 7 9 8 6 5 6 6 6 6 8 10 8 2 0 0 0 0 0 0 0 0 0 0 0 0 0 0 0 0 0 0 0
7 10 12 12 9 8 8 6 6 17 19 17 0 0 0 0 0 0 0 0 0 0 0 0 0 2 3 3 4 9 10 11 9 7 7 6 6 7 7 9 11 10 7 3 0 0 0 0 0 0 0 0 0 0 0 0 0 0 0 0 0 0
7 10 12 7 6 5 5 6 14 16 16 2 0 0 0 0 0 0 0 0 0 0 0 0 1 2 3 3 6 9 9 9 6 6 6 6 7 7 9 10 7 0 0 0 0 0 0 0 0 0 0 0 0 0 0 0 0 0 0 0 0 0
3 5 9 11 11 7 5 5 5 16 18 17 0 0 0 0 0 0 0 0 0 0 0 0 1 2 3 3 3 4 9 10 9 7 7 7 7 8 6 8 9 7 2 0 0 0 0 0 0 0 0 0 0 0 0 0 0 0 0 0 0 0
9 12 14 7 7 6 8 16 19 5 2 2 0 0 0 0 0 0 1 0 0 0 0 1 1 2 2 2 4 8 8 9 5 6 6 5 5 5 5 6 11 9 4 2 0 0 0 0 0 0 0 0 0 0 0 0 0 0 0 0 0 0
3 8 10 7 5 5 5 5 5 17 20 19 0 0 0 0 0 0 0 0 0 0 0 0 2 2 3 3 3 6 9 8 7 5 5 6 6 7 6 11 10 5 2 3 0 0 0 0 0 0 0 0 0 0 0 0 0 0 0 0 0 0
4 8 10 8 7 5 5 8 9 18 19 18 0 0 0 0 0 0 0 0 0 0 0 0 3 5 4 3 3 6 10 10 7 6 7 6 6 6 8 8 9 7 5 0 0 0 0 0 0 0 0 0 0 0 0 0 0 0 0 0 0 0
7 10 12 7 6 5 5 6 14 16 16 2 0 0 0 0 0 0 0 0 0 0 0 0 1 2 3 3 6 9 9 9 6 6 6 6 7 7 9 10 7 0 0 0 0 0 0 0 0 0 0 0 0 0 0 0 0 0 0 0 0 0
3 6 9 11 8 5 5 7 9 19 18 18 0 0 0 0 0 0 0 0 0 1 3 5 3 3 3 5 8 9 8 6 6 6 7 7 9 9 10 9 1 0 0 0 0 0 0 0 0 0 0 0 0 0 0 0 0 0 0 0 0 0
7 11 12 8 5 4 4 8 17 19 19 2 0 0 0 0 0 0 0 0 0 0 1 2 3 3 3 4 8 8 6 7 6 6 6 7 8 9 10 11 7 1 0 0 0 0 0 0 0 0 0 0 0 0 0 0 0 0 0 0 0 0
10 12 14 8 7 6 8 19 20 19 5 5 0 0 0 0 0 0 0 0 0 0 0 2 4 4 3 3 3 8 9 11 9 7 7 6 6 6 6 7 10 9 9 3 1 0 0 0 0 0 0 0 0 0 0 0 0 0 0 0 0 0
9 11 13 7 7 7 14 20 20 18 5 2 0 0 0 0 0 0 0 0 0 0 0 0 3 4 4 3 3 3 8 9 9 8 7 8 8 7 6 6 8 11 10 5 1 1 1 0 0 0 0 0 0 0 0 0 0 0 0 0 0 0
2 6 9 9 8 7 6 5 15 18 6 4 0 0 0 0 0 0 0 0 0 0 0 0 0 1 2 2 3 6 7 7 9 5 4 4 4 5 7 10 8 5 1 1 0 0 0 1 2 1 0 0 0 0 0 0 0 0 0 0 0 0
2 2 6 9 12 9 6 6 6 14 15 14 0 0 0 0 0 0 0 0 0 0 0 0 0 0 1 3 5 6 7 7 6 6 6 6 6 6 10 9 8 2 0 0 0 0 0 0 0 0 0 0 3 4 0 0 0 0 0 0 0 0
7 10 12 7 6 6 6 8 18 18 17 2 0 0 0 0 0 0 0 0 0 0 0 1 3 4 3 3 3 7 9 10 8 7 6 6 6 6 8 10 10 7 0 0 0 0 0 0 0 0 0 0 0 0 0 0 0 0 0 0 0 0
8 11 13 10 7 6 6 6 7 19 20 18 0 0 0 0 0 0 0 0 0 0 0 3 4 3 3 3 7 10 10 6 7 7 6 6 6 6 10 12 11 9 2 0 0 0 0 0 0 0 0 0 0 0 0 0 0 0 0 0 0 0
7 11 12 9 5 2 4 5 16 17 15 3 0 0 0 0 0 0 0 0 0 0 0 0 0 1 2 3 9 8 6 7 7 7 6 6 6 8 9 10 8 3 0 0 0 0 0 0 0 0 0 0 0 0 0 0 0 0 0 0 0 0
7 11 13 9 5 6 6 6 6 14 15 14 0 0 0 0 0 0 0 0 0 0 0 0 0 0 3 5 9 9 9 7 6 6 6 6 6 6 11 11 10 2 0 0 0 0 0 0 0 0 0 0 0 0 0 0 0 0 0 0 0 0
6 10 12 10 6 5 6 8 18 18 16 2 0 0 0 0 0 0 0 0 0 0 0 0 0 3 4 3 3 3 9 10 8 7 7 6 6 7 8 10 11 10 2 0 0 0 0 0 0 0 0 0 0 0 0 0 0 0 0 0 0 0
6 10 11 4 2 2 6 15 16 3 4 2 0 0 0 0 0 0 0 0 0 0 0 0 0 1 2 2 4 8 6 6 5 5 5 5 6 5 8 7 5 1 0 0 0 0 0 0 0 0 0 0 0 0 0 0 0 0 0 0 0 0
5 9 12 9 7 6 8 6 8 17 17 4 0 0 0 0 0 0 0 0 0 0 0 0 0 0 1 2 7 9 10 7 6 6 5 5 5 4 7 9 10 9 5 1 0 0 0 0 0 0 0 0 0 0 0 0 0 0 0 0 0 0
4 9 12 11 10 7 8 6 6 17 19 18 0 0 0 0 0 0 0 0 0 0 0 0 2 2 3 3 6 8 10 10 7 6 7 6 6 8 6 9 11 10 7 0 0 0 0 0 0 0 0 0 0 0 0 0 0 0 0 0 0 0
6 11 6 3 6 8 18 18 3 2 2 2 0 0 0 0 0 0 0 0 0 0 1 2 2 2 2 2 6 7 5 4 4 4 4 4 5 7 7 5 2 2 2 2 0 0 0 0 1 1 1 1 0 0 0 0 0 0 0 0 0 0
5 9 11 8 6 7 8 6 8 20 19 2 0 0 0 0 0 0 0 0 0 0 0 0 1 2 2 2 2 4 8 8 9 5 4 5 5 5 5 7 7 10 10 7 0 1 0 0 0 0 0 0 0 0 0 0 0 0 0 0 0 0
5 9 12 12 9 8 8 6 6 19 20 18 0 0 0 0 0 0 0 0 0 0 0 1 2 3 3 3 5 8 9 10 7 7 7 7 6 6 7 9 11 10 9 2 0 0 0 0 0 0 0 0 0 0 0 0 0 0 0 0 0 0
9 11 13 7 5 5 11 19 21 18 6 2 0 0 0 0 0 0 0 0 0 0 0 0 3 4 4 3 4 4 8 9 8 7 6 6 6 6 7 7 8 11 10 5 1 0 0 0 0 0 0 0 0 0 0 0 0 0 0 0 0 0
