3 14 15 14 11 9 12 16 15 9 4 2 0 0 0 0 0 0 0 0 0 0 0 0 0 0 0 0 0 4 7 9 8 7 7 6 7 7 4 10 10 9 8 5 6 8 2 0 0 0 0 0 0 0 0 0 0 0 0 0 0 0
5 14 15 14 10 12 12 11 12 13 9 4 0 0 0 0 0 0 0 0 0 0 0 0 0 0 0 0 4 7 11 8 7 7 7 8 7 6 10 11 10 7 4 7 8 2 0 0 0 0 0 0 0 0 0 0 0 0 0 0 0 0
3 12 17 11 10 12 16 15 12 6 2 2 0 0 0 0 0 0 0 0 0 0 0 0 0 0 0 0 5 6 6 5 6 6 8 6 4 3 5 7 8 11 11 6 7 7 1 0 0 0 0 0 0 0 0 0 0 0 0 0 0 0
3 11 16 12 8 7 10 14 16 15 13 6 0 0 0 0 0 0 0 0 0 0 0 0 0 0 0 0 0 2 6 7 6 6 6 7 9 8 6 4 8 10 10 8 6 6 8 6 2 0 0 0 0 0 0 0 0 0 0 0 0 0
4 12 17 16 11 13 12 10 13 14 13 6 0 0 0 0 0 0 0 0 0 0 0 0 0 0 0 0 0 10 11 7 6 6 7 10 8 5 4 7 9 10 6 6 8 10 6 3 2 0 0 0 0 0 0 0 0 0 0 0 0 0
13 16 17 15 11 12 12 14 15 14 9 3 0 0 0 0 0 0 0 0 0 0 0 0 0 0 0 0 0 4 7 6 6 6 5 7 10 8 7 11 11 12 9 7 10 11 9 4 1 0 0 0 0 0 0 0 0 0 0 0 0 0
7 14 15 10 8 10 10 11 14 13 7 3 0 0 0 0 0 0 0 0 0 0 0 0 0 0 0 0 0 0 0 6 5 5 6 5 6 7 6 7 10 11 11 7 6 9 10 5 0 0 0 0 0 0 0 0 0 0 0 0 0 0
4 14 19 17 9 12 16 16 17 11 9 7 0 0 0 0 0 0 0 0 0 0 0 0 0 0 0 0 6 10 11 10 6 6 6 6 7 6 5 7 8 10 9 7 7 10 9 5 0 0 0 0 0 0 0 0 0 0 0 0 0 0
10 14 15 10 11 11 11 15 15 14 8 3 0 0 0 0 0 0 0 0 0 0 0 0 0 0 0 0 0 3 8 6 6 6 5 5 8 7 7 11 12 11 7 5 10 10 8 1 1 0 0 0 0 0 0 0 0 0 0 0 0 0
5 16 20 18 9 13 19 18 18 12 9 2 0 0 0 0 0 0 0 0 0 0 0 0 0 0 0 3 6 11 10 6 6 6 6 7 6 5 6 9 9 10 8 6 7 7 10 8 3 2 0 0 0 0 0 0 0 0 0 0 1 1
5 14 19 17 9 9 13 14 18 18 16 9 0 0 0 0 0 0 0 0 0 0 0 0 0 0 0 1 10 11 9 6 6 6 7 9 8 7 10 9 12 9 6 6 7 10 9 3 0 0 0 0 0 0 0 0 0 0 0 0 0 0
9 14 15 11 12 12 12 14 14 13 9 3 0 0 0 0 0 0 0 0 0 0 0 0 0 0 0 0 0 1 7 10 11 5 5 6 5 8 6 10 11 11 9 5 8 9 8 3 0 0 0 0 0 0 0 0 0 0 0 0 0 0
3 14 14 10 6 6 9 14 14 13 8 3 0 0 0 0 0 0 0 0 0 0 0 0 0 0 0 1 9 10 8 6 5 6 6 6 5 10 10 10 7 5 6 4 0 0 0 0 0 0 0 0 0 0 0 0 0 0 0 0 0 0
3 14 15 15 10 8 12 12 14 13 9 2 0 0 0 0 0 0 0 0 0 0 0 0 0 0 0 0 0 2 8 10 6 5 6 7 7 7 5 11 11 10 7 5 7 9 4 0 0 0 0 0 0 0 0 0 0 0 0 0 0 0
4 11 17 16 10 12 12 14 15 13 8 2 0 0 0 0 0 0 0 0 0 0 0 0 0 0 0 0 1 9 10 8 8 7 7 9 7 4 4 6 8 9 6 6 8 9 5 3 0 0 0 0 0 0 0 0 0 0 0 0 0 0
5 9 14 17 14 12 10 11 13 18 17 14 0 0 0 0 0 0 0 0 0 0 0 0 0 0 0 0 7 9 9 10 6 7 7 8 7 7 9 10 10 9 7 5 7 8 7 5 0 0 0 0 0 0 0 0 0 0 0 0 0 0
5 9 13 13 12 13 12 16 18 19 17 15 0 0 0 0 0 0 0 0 0 0 0 0 0 0 0 4 8 9 10 11 10 8 7 7 8 9 10 11 10 6 6 6 8 8 6 0 0 0 0 0 0 0 0 0 0 0 0 0 0 0
3 12 16 18 15 11 11 13 13 13 8 4 0 0 0 0 0 0 0 0 0 0 0 0 0 0 0 0 0 1 8 9 8 7 6 7 6 7 7 9 10 11 8 7 8 9 5 4 0 0 0 0 0 0 0 0 0 0 0 0 0 0
12 16 16 9 8 12 12 10 16 16 12 5 0 0 0 0 0 0 0 0 0 0 0 0 0 0 0 0 7 10 10 7 6 6 7 10 9 7 10 10 9 6 5 11 10 4 0 0 0 0 0 0 0 0 0 0 0 0 0 0 0 0
2 11 16 16 9 11 12 14 16 15 12 6 0 0 0 0 0 0 0 0 0 0 0 0 0 0 0 0 5 8 9 7 7 6 5 8 7 4 8 11 10 8 7 10 10 7 3 0 0 0 0 0 0 0 0 0 0 0 0 0 0 0
5 11 17 16 10 12 12 11 14 15 14 7 0 0 0 0 0 0 0 0 0 0 0 0 0 0 0 0 0 10 11 7 6 7 7 10 8 5 7 9 9 11 6 6 8 10 5 2 0 0 0 0 0 0 0 0 0 0 0 0 0 0
3 10 16 13 8 6 10 13 14 12 7 3 0 0 0 0 0 0 0 0 0 0 0 0 0 0 0 2 7 7 6 6 7 7 8 6 3 6 7 9 8 6 7 7 6 0 0 0 0 0 0 0 0 0 0 0 0 0 0 0 0 0
2 5 6 6 8 12 15 7 9 13 15 9 0 0 0 0 0 0 0 0 0 0 0 0 0 0 0 5 5 6 5 4 3 4 6 5 2 6 8 10 6 5 5 5 3 1 0 3 3 5 2 0 0 0 0 0 0 0 0 0 0 0
8 13 11 8 6 11 13 11 5 4 3 2 0 0 0 0 0 0 0 0 0 0 0 0 0 0 0 0 0 0 0 1 2 3 4 5 4 5 4 3 9 10 10 8 5 8 7 6 1 0 0 0 0 0 0 0 0 0 0 0 0 0
2 10 14 16 11 11 11 12 13 12 9 3 0 0 0 0 0 0 0 0 0 0 0 0 0 0 0 0 0 5 8 7 6 6 5 6 7 6 4 10 11 11 4 6 10 8 4 0 0 0 0 0 0 0 0 0 0 0 0 0 0 0
5 14 15 14 10 12 13 15 15 15 9 2 0 0 0 0 0 0 0 0 0 0 0 0 0 0 0 0 0 8 11 11 7 6 6 8 9 7 8 9 10 9 5 7 8 6 4 0 0 0 0 0 0 0 0 0 0 0 0 0 0 0
3 11 17 13 7 5 5 8 13 14 13 6 0 0 0 0 0 0 0 0 0 0 0 0 0 0 0 0 0 6 7 7 6 6 7 10 8 3 4 7 9 7 6 6 8 7 1 0 0 0 0 0 0 0 0 0 0 0 0 0 0 0
6 15 16 14 12 9 9 9 10 13 13 8 0 0 0 0 0 0 0 0 0 0 0 0 0 0 0 0 4 11 10 8 6 8 8 9 6 9 11 11 8 6 5 9 5 0 0 0 0 0 0 0 0 0 0 0 0 0 0 0 0 0
5 14 15 14 10 13 12 12 12 9 6 2 0 0 0 0 0 0 0 0 0 0 0 0 0 0 0 0 3 6 10 7 6 7 6 7 6 6 11 11 10 7 4 7 7 3 0 0 0 0 0 0 0 0 0 0 0 0 0 0 0 0
4 12 18 16 14 13 8 10 15 14 12 5 0 0 0 0 0 0 0 0 0 0 0 0 0 0 0 0 9 10 8 6 6 7 8 8 5 4 7 9 10 7 6 7 10 8 4 2 0 0 0 0 0 0 0 0 0 0 0 0 0 0
11 16 17 9 11 11 11 13 15 15 11 5 0 0 0 0 0 0 0 0 0 0 0 0 0 0 0 0 3 10 11 11 6 6 7 6 9 7 4 10 10 10 5 7 11 8 4 0 0 0 0 0 0 0 0 0 0 0 0 0 0 0
3 10 18 17 15 15 15 12 15 16 13 5 0 2 1 1 1 2 2 2 1 0 0 0 0 0 0 0 2 10 10 9 6 7 8 9 7 5 4 8 10 10 6 7 7 10 4 3 0 0 0 0 0 0 0 0 0 0 0 0 0 0
6 12 18 16 13 12 8 10 15 14 13 7 0 0 0 0 0 0 0 0 0 0 0 0 0 0 0 0 0 8 11 9 7 8 7 9 8 5 4 6 10 9 8 6 8 10 8 3 0 0 0 0 0 0 0 0 0 0 0 0 0 0
11 16 16 8 11 11 11 13 15 15 11 5 0 0 0 0 0 0 0 0 0 0 0 0 0 0 0 0 6 9 10 7 7 6 5 9 8 4 8 11 11 7 6 8 10 8 3 0 0 0 0 0 0 0 0 0 0 0 0 0 0 0
5 9 12 14 12 9 11 10 14 19 17 14 0 0 0 0 0 0 0 0 0 0 0 0 0 0 0 0 0 5 9 10 10 6 6 7 6 6 8 9 10 11 10 5 3 6 7 7 5 0 0 0 0 0 0 0 0 0 0 0 0 0
2 5 9 15 14 10 11 10 11 19 18 14 0 0 0 0 0 0 0 0 0 0 0 0 0 0 0 0 3 8 9 10 7 6 6 6 6 6 7 7 9 8 7 7 5 8 8 5 0 0 0 0 0 0 0 0 0 0 0 0 0 0
6 9 13 16 14 12 9 10 13 18 17 14 0 0 0 0 0 0 0 0 0 0 0 0 0 0 0 0 7 9 9 10 6 7 7 6 7 8 10 10 10 9 6 4 7 7 7 5 0 0 0 0 0 0 0 0 0 0 0 0 0 0
3 11 17 16 11 12 16 16 15 13 7 2 0 0 0 0 0 0 0 0 0 0 0 0 0 0 0 0 3 9 11 9 7 7 7 9 7 6 5 6 9 9 7 7 8 7 5 1 0 0 0 0 0 0 0 0 0 0 0 0 0 0
10 16 15 9 7 10 10 13 15 16 12 6 0 0 0 0 0 0 0 0 0 0 0 0 0 0 0 6 10 11 9 6 7 7 6 5 4 8 11 10 6 5 9 11 8 0 0 0 0 0 0 0 0 0 0 0 0 0 0 0 0 0
5 15 19 17 9 13 17 17 17 11 9 2 0 0 0 0 0 0 0 0 0 0 0 0 0 0 0 3 6 9 10 6 6 6 6 7 6 5 6 9 9 10 8 6 7 7 9 7 3 0 0 0 0 0 0 0 0 0 0 0 0 0
5 17 19 16 13 13 10 14 16 15 10 7 0 0 0 0 0 0 0 0 0 0 0 0 0 0 0 0 1 10 11 10 9 6 6 6 8 8 6 7 8 10 10 6 6 7 11 8 1 0 0 0 0 0 0 0 0 0 0 0 0 0
12 16 16 8 11 12 12 13 15 16 14 6 0 0 0 0 0 0 0 0 0 0 0 0 0 0 0 0 6 9 10 7 7 6 5 9 9 7 9 11 12 9 6 8 10 8 3 0 0 0 0 0 0 0 0 0 0 0 0 0 0 0
2 3 7 11 16 16 17 16 14 10 18 13 0 0 0 0 0 0 0 0 0 0 0 0 0 0 1 2 5 8 10 8 7 5 7 6 5 5 7 9 9 8 7 4 6 7 6 4 3 3 1 0 0 0 0 0 0 0 0 0 0 0
3 12 15 15 11 11 12 13 16 15 12 3 0 0 0 0 0 0 0 0 0 0 0 0 0 0 0 0 0 3 7 6 7 6 6 6 6 8 7 4 10 10 9 6 5 10 8 4 1 0 0 0 0 0 0 0 1 2 3 2 0 1
12 16 16 8 11 12 12 13 15 15 11 6 0 0 0 0 0 0 0 0 0 0 0 0 0 0 0 0 6 9 10 7 8 6 7 10 8 4 8 11 11 7 6 8 10 8 3 0 0 0 0 0 0 0 0 0 0 0 0 0 0 0
6 14 19 17 10 10 14 14 17 17 11 6 0 0 0 0 0 0 0 0 0 0 0 0 0 0 0 1 10 11 8 6 7 7 9 8 7 4 8 8 11 9 6 6 7 10 9 3 0 0 0 0 0 0 0 0 0 0 0 0 0 0
2 11 19 17 13 15 15 17 13 4 2 2 0 1 3 2 0 2 2 0 1 1 0 0 0 0 1 2 5 7 9 9 4 4 4 4 4 5 4 7 8 8 6 4 4 5 8 4 2 0 0 0 0 0 0 0 0 0 0 0 0 0
