3 19 21 19 5 5 10 11 10 7 6 2 0 3 2 2 1 0 0 0 0 0 0 0 0 2 2 3 3 7 7 7 6 6 6 6 5 7 8 7 8 9 7 4 0 0 0 0 0 0 0 0 0 0 0 0 0 0 0 0 0 0
16 17 16 5 4 6 6 12 11 10 7 5 0 0 0 0 0 0 0 0 0 0 0 0 0 0 2 3 7 8 7 6 7 7 8 9 10 8 7 8 9 7 2 0 0 0 0 0 0 0 0 0 0 0 0 0 0 0 0 0 0 0
6 19 17 6 4 6 6 10 10 10 8 2 0 0 0 0 0 0 0 0 0 0 0 2 2 3 3 2 3 7 6 7 9 8 7 7 6 6 7 8 8 3 0 0 0 0 0 0 0 0 0 0 0 0 0 0 0 0 0 0 0 0
6 20 17 5 6 6 6 10 10 9 7 2 0 0 0 0 0 0 0 0 0 0 0 0 2 2 3 2 3 6 6 5 8 7 7 7 6 6 7 9 9 6 1 1 1 0 0 0 0 0 0 0 0 0 0 0 0 0 0 0 0 0
3 7 20 21 18 10 11 12 10 8 7 4 0 0 0 0 0 0 1 2 1 2 1 4 4 4 3 3 4 7 8 7 9 7 5 6 7 7 7 7 10 9 5 1 0 0 0 0 0 0 0 0 0 0 0 0 0 0 0 0 0 0
3 15 17 16 9 8 8 8 10 8 6 2 0 0 0 0 0 0 0 0 0 0 0 0 0 0 1 3 5 6 6 5 8 6 7 8 9 8 9 8 9 8 4 0 0 0 0 0 0 0 0 0 0 0 0 0 0 0 0 0 0 0
2 3 15 15 8 6 6 11 11 8 6 3 0 0 0 0 0 0 0 0 0 0 0 0 0 0 1 3 7 6 6 5 6 6 6 7 7 5 6 7 9 6 1 0 0 0 0 0 0 0 0 0 0 0 0 0 0 0 0 0 0 0
4 17 15 5 4 7 7 11 10 9 7 3 0 0 0 0 0 0 0 0 0 0 0 0 0 2 2 2 2 3 6 6 5 6 8 7 6 6 8 10 12 7 1 0 0 0 0 0 0 0 0 0 0 0 0 0 0 0 0 0 0 0
2 16 15 4 5 6 6 11 10 9 8 3 0 0 0 0 0 0 0 0 0 0 0 0 0 2 2 2 2 3 6 6 5 6 7 7 6 6 8 7 8 7 3 2 0 0 0 0 0 0 0 0 0 0 0 0 0 0 0 0 0 0
3 18 20 21 7 4 6 9 11 10 7 4 0 0 0 0 0 0 0 0 0 1 2 2 3 4 3 3 4 7 7 7 5 6 6 8 9 9 7 8 9 8 2 0 0 0 0 0 0 0 0 0 0 0 0 0 0 0 0 0 0 0
2 18 19 18 6 7 7 9 9 6 3 2 0 0 0 0 0 0 0 0 0 0 0 0 2 3 3 3 3 3 4 6 7 7 6 6 6 8 7 9 8 10 5 0 0 0 0 0 0 0 0 0 0 0 0 0 0 0 0 0 0 0
2 17 18 16 7 12 12 15 14 9 4 3 0 0 0 0 0 0 0 0 0 0 0 0 0 3 3 3 3 3 5 6 8 8 7 7 8 9 8 9 10 9 7 5 3 1 1 2 1 0 0 0 0 0 0 0 0 0 0 0 0 0
2 4 14 15 5 4 4 5 9 10 8 6 0 0 0 0 0 0 0 0 0 0 0 0 0 0 3 2 5 6 6 5 6 8 8 5 7 7 7 6 2 1 1 1 0 0 0 0 0 0 0 0 0 0 0 0 0 0 0 0 0 0
2 4 19 19 17 7 8 12 11 9 4 3 0 0 0 0 0 0 0 0 0 0 0 0 3 3 3 3 3 3 6 6 6 7 7 6 6 7 6 8 9 11 9 3 0 0 0 0 0 0 0 0 0 0 0 0 0 0 0 0 0 0
3 16 18 19 6 7 7 11 12 11 9 4 0 0 0 0 0 0 0 0 0 0 0 2 2 3 3 5 8 7 9 8 7 7 8 8 8 7 7 8 7 2 0 0 0 0 2 3 0 0 0 1 1 0 0 0 0 0 0 0 0 0
3 19 19 5 4 6 11 11 9 7 5 3 0 0 0 0 0 0 0 0 0 0 0 3 3 2 2 2 2 8 8 7 6 6 8 7 7 7 6 5 7 5 1 0 0 0 0 0 0 0 0 0 0 0 0 0 0 0 0 0 0 0
3 16 18 16 9 8 12 14 11 7 3 2 0 0 0 0 0 0 0 0 0 0 0 0 0 0 2 3 7 6 7 7 7 6 6 7 7 7 7 10 11 9 3 1 2 3 1 0 0 0 0 0 0 0 0 0 0 0 0 0 0 0
5 17 16 3 4 5 5 10 10 9 7 3 0 0 0 0 0 0 0 0 0 0 0 0 2 2 3 2 2 6 6 6 5 6 7 7 7 7 6 8 8 4 0 0 0 0 0 0 0 0 0 0 0 0 0 0 0 0 0 0 0 0
16 18 18 18 5 6 8 9 10 10 7 5 0 0 0 0 0 0 0 0 0 0 0 1 3 5 4 4 4 4 9 9 9 8 7 8 8 9 9 9 10 6 4 0 0 0 0 0 0 0 0 0 0 0 0 0 0 0 0 0 0 0
4 14 15 6 6 5 5 9 9 9 7 4 0 0 0 0 0 0 0 0 0 0 0 0 0 0 1 2 2 6 6 5 4 6 7 9 9 7 7 10 10 2 0 0 0 0 0 0 0 0 0 0 0 0 0 0 0 0 0 0 0 0
15 17 16 7 6 7 7 10 9 7 6 3 0 0 0 0 0 0 0 0 0 0 0 0 0 0 1 2 3 6 8 7 8 8 7 8 9 9 8 8 8 6 4 0 0 0 0 0 0 0 0 0 0 0 0 0 0 0 0 0 0 0
2 8 20 20 18 8 7 10 9 8 4 2 0 0 0 0 0 0 0 0 0 0 0 3 4 4 3 3 3 6 6 7 8 6 5 6 7 6 8 9 10 9 3 0 0 0 0 0 0 0 0 0 0 0 0 0 0 0 0 0 0 0
16 17 17 7 7 9 9 10 9 8 4 3 0 0 0 0 0 0 0 0 0 0 0 0 2 3 4 3 4 8 7 8 8 7 7 8 7 7 9 8 11 5 0 0 0 0 0 0 0 0 0 0 0 0 0 0 0 0 0 0 0 0
2 3 17 18 18 4 7 11 9 8 6 2 0 0 0 0 0 0 0 0 0 0 0 2 2 3 3 3 6 8 7 7 6 6 6 7 6 7 7 8 8 3 0 0 0 0 0 0 0 0 0 0 0 0 0 0 0 0 0 0 0 0
2 8 17 4 6 10 7 5 3 2 3 3 0 0 0 0 0 0 0 0 0 0 0 2 3 2 2 2 2 4 6 5 3 3 3 5 5 5 4 5 6 3 0 0 0 0 0 0 0 0 0 0 0 0 0 0 0 0 0 0 0 0
15 17 15 5 6 8 9 10 9 9 5 2 0 0 0 0 0 0 0 0 0 0 0 0 0 0 1 2 6 7 7 7 7 8 6 7 8 9 8 10 8 6 3 0 0 0 0 0 0 0 0 0 0 0 0 0 0 0 0 0 0 0
3 17 19 18 5 8 9 11 9 5 2 2 0 0 0 0 0 0 0 0 0 0 0 0 1 2 3 3 3 6 6 6 7 7 6 5 7 7 7 8 9 10 5 0 0 0 0 0 0 0 0 0 0 0 0 0 0 0 0 0 0 0
18 19 18 4 6 8 10 13 12 12 8 2 0 0 0 0 0 0 0 0 0 0 0 0 1 3 5 5 6 7 7 8 8 8 8 7 8 8 8 8 8 7 7 3 0 0 0 0 0 0 0 0 0 0 0 0 0 0 0 0 0 0
2 4 10 11 4 3 9 10 9 6 6 2 0 0 0 0 0 0 0 0 0 0 0 0 0 0 0 0 0 4 5 6 5 4 5 5 6 5 6 8 10 7 0 0 0 0 0 0 0 0 0 0 0 0 0 0 0 0 0 0 0 0
17 17 4 4 4 5 10 10 9 9 8 6 0 0 0 0 0 0 0 0 0 0 0 1 2 2 2 2 4 8 10 7 6 6 7 5 6 7 7 9 8 4 0 0 0 0 0 0 0 0 0 0 0 0 0 0 0 0 0 0 0 0
3 6 16 16 16 6 6 11 11 9 7 4 0 0 0 0 0 0 0 0 0 0 0 0 0 0 2 5 10 9 7 6 6 5 6 7 8 7 7 9 10 6 1 0 0 0 0 0 0 0 0 0 0 0 0 0 0 0 0 0 0 0
2 2 3 18 19 4 6 10 10 10 7 4 0 0 0 0 0 0 2 3 1 0 0 0 1 2 2 2 2 7 6 7 5 6 5 4 5 6 6 5 6 5 5 2 0 0 0 0 0 0 0 0 0 0 0 0 0 0 0 0 0 0
3 19 19 18 6 5 6 11 12 10 7 6 0 0 0 0 0 0 0 0 0 0 3 3 3 3 3 3 7 8 9 8 8 8 7 8 7 7 7 9 8 3 0 0 0 0 0 0 0 0 0 0 0 0 0 0 0 0 0 0 0 0
2 3 2 2 4 17 16 7 7 10 8 2 0 0 0 0 0 0 0 0 0 0 0 0 0 0 1 2 3 4 4 3 5 4 4 5 6 5 5 6 7 3 1 0 0 0 0 0 0 0 0 0 0 0 0 0 0 0 1 3 5 3
5 19 20 18 6 6 9 12 12 11 7 4 0 0 0 0 0 0 0 0 0 0 0 1 3 4 3 3 4 4 10 9 7 7 7 7 9 9 7 8 8 10 8 1 0 0 0 0 0 0 0 0 0 0 0 0 0 0 0 0 0 0
2 16 18 3 3 5 5 9 10 9 6 4 0 0 0 0 0 0 0 0 0 0 0 0 1 1 2 2 2 5 6 6 5 6 6 7 7 7 6 7 8 6 0 0 0 0 0 0 0 0 0 0 0 0 0 0 0 0 0 0 0 0
2 6 7 19 7 8 6 10 11 8 5 2 0 0 0 0 0 0 0 0 0 0 1 2 3 1 1 1 1 3 5 5 4 4 5 6 6 3 5 7 10 9 6 3 0 0 0 0 0 0 0 0 0 0 0 0 0 0 0 0 0 0
3 8 8 3 3 5 5 9 10 9 6 4 0 0 0 0 0 0 0 0 0 0 0 0 0 0 0 0 0 3 4 4 3 4 6 7 8 7 6 7 8 6 0 0 0 0 0 0 0 0 0 0 0 0 0 0 0 0 0 0 0 0
4 18 19 20 6 5 12 11 10 7 6 3 0 0 0 0 0 0 0 0 0 0 2 2 3 3 3 3 4 8 10 10 6 7 6 6 7 7 6 8 9 8 3 0 0 0 0 0 0 0 0 0 0 0 0 0 0 0 0 0 0 0
3 17 19 19 12 7 7 11 13 12 7 4 0 0 0 0 0 0 0 0 0 0 0 2 4 6 4 4 5 9 8 8 6 8 7 8 9 9 7 8 9 8 2 0 0 0 0 0 0 0 0 0 0 0 0 0 0 0 0 0 0 0
17 20 19 8 5 8 11 12 9 5 5 2 0 0 0 0 0 0 0 0 0 0 0 0 2 3 3 3 7 9 9 6 6 7 9 9 8 8 7 9 9 2 1 1 1 0 0 0 0 0 0 0 1 1 0 0 0 0 0 0 0 0
2 17 17 4 5 5 5 10 10 10 7 4 0 0 0 0 0 0 0 0 0 0 0 1 2 2 2 2 2 6 7 6 5 7 7 6 8 9 7 8 6 3 0 0 0 0 0 0 0 0 0 0 0 0 0 0 0 0 0 0 0 0
