5 13 12 4 6 12 6 4 8 12 10 3 0 0 0 0 0 0 0 0 0 0 0 0 0 0 0 0 0 4 10 10 7 7 6 5 5 6 7 11 11 6 0 0 0 0 0 0 0 0 0 0 0 0 0 0 0 0 0 0 0 0
2 17 5 3 6 15 15 7 4 3 13 4 0 0 0 0 3 5 2 0 1 1 0 0 0 0 0 0 2 8 10 9 5 5 5 5 5 4 4 4 7 7 2 0 0 0 0 0 0 0 0 0 0 0 0 0 0 0 0 0 0 0
4 14 6 2 3 13 13 4 2 2 13 2 0 0 0 0 0 0 0 0 0 0 0 0 0 0 0 1 10 11 7 5 4 5 4 4 4 4 4 7 7 1 0 0 0 0 0 0 0 0 0 0 0 0 0 0 0 0 0 0 0 0
3 13 14 6 5 13 13 6 2 13 12 2 0 0 0 0 0 0 0 0 0 0 0 0 0 0 0 0 5 9 10 6 7 7 6 6 7 8 9 8 8 6 0 0 0 0 0 0 0 0 0 0 0 0 0 0 0 0 0 0 0 0
12 13 4 4 3 14 12 3 3 3 13 12 0 0 0 0 0 0 0 0 0 0 0 0 0 0 0 0 7 9 11 8 6 6 6 6 6 6 6 6 6 5 1 1 0 0 0 0 0 0 0 0 0 0 0 0 0 0 0 0 0 0
2 10 12 3 3 5 12 11 3 14 16 3 0 0 0 0 0 0 0 0 2 2 1 0 0 0 0 1 2 7 9 10 6 6 7 7 6 6 6 7 8 1 0 0 0 0 0 0 0 0 0 0 0 0 0 0 0 0 0 0 0 0
12 13 3 3 4 14 12 4 3 3 14 11 0 0 0 0 0 0 0 0 0 0 0 0 0 0 0 1 7 10 12 8 6 6 6 6 6 6 6 6 6 4 0 0 0 0 0 0 0 0 0 0 0 0 0 0 0 0 0 0 0 0
3 13 12 5 5 12 12 3 5 12 12 2 0 0 0 0 0 0 0 0 0 0 0 0 0 0 0 0 0 3 8 10 8 6 6 6 6 6 6 6 11 11 3 0 0 0 0 0 0 0 0 0 0 0 0 0 0 0 0 0 0 0
2 13 13 2 2 11 12 3 3 12 13 2 0 0 0 0 0 0 0 0 0 0 0 0 0 0 0 0 0 9 11 9 6 6 6 6 7 6 6 7 6 3 0 0 0 0 0 0 0 0 0 0 0 0 0 0 0 0 0 0 0 0
4 9 15 12 6 4 12 6 4 5 12 2 0 0 0 0 0 0 0 0 0 0 0 0 0 0 0 0 0 0 7 10 9 6 4 4 4 4 4 7 11 10 2 1 3 2 2 1 0 0 0 0 0 0 0 0 0 0 0 0 0 0
4 14 6 2 3 12 12 5 3 2 13 3 0 0 0 0 0 0 0 0 0 0 0 0 0 0 0 0 0 5 10 10 6 5 4 4 4 4 4 4 6 7 5 1 0 0 0 0 0 0 0 0 0 0 0 0 0 0 0 0 0 0
2 16 8 9 6 13 13 6 5 6 14 12 0 0 0 0 0 0 0 0 0 0 0 0 0 1 1 1 1 3 8 10 10 8 6 6 6 6 7 8 8 7 7 4 2 0 0 0 0 0 0 0 0 0 0 0 0 0 0 0 0 0
2 4 13 14 4 3 12 11 5 4 13 2 0 0 0 0 0 0 0 0 0 0 0 0 0 0 0 0 2 5 9 10 9 5 5 5 5 5 5 6 6 5 1 0 0 0 0 0 0 0 0 0 0 0 0 0 0 1 1 1 1 0
2 3 4 14 5 10 9 12 5 7 12 4 0 0 0 0 0 0 0 0 0 0 0 0 0 0 0 0 2 6 9 7 5 6 3 3 3 3 6 11 10 2 1 0 1 1 0 1 1 1 2 2 1 0 0 0 0 0 0 0 0 0
2 14 14 5 5 13 13 8 7 6 14 2 0 0 0 0 0 0 0 0 0 0 0 0 0 0 0 0 1 10 10 10 10 10 5 5 7 5 5 6 5 7 5 0 0 1 1 0 0 0 0 0 0 0 0 0 0 0 0 0 0 0
5 15 6 5 4 13 15 5 3 3 14 3 0 0 0 0 0 0 1 0 0 0 0 0 0 0 1 1 4 11 11 10 6 4 4 4 4 4 4 5 7 8 2 0 0 0 0 0 0 0 0 0 0 0 0 0 0 0 0 0 0 0
2 11 14 6 4 14 14 9 4 9 13 3 0 0 0 0 0 0 0 0 0 0 0 0 0 0 0 0 3 8 9 10 7 6 6 7 6 5 5 7 10 10 4 0 0 0 0 0 0 0 0 0 0 0 0 0 0 0 0 0 0 0
4 12 13 3 2 5 13 10 2 2 11 12 0 0 0 0 0 0 0 0 0 0 0 0 0 0 0 0 6 10 9 8 7 6 6 6 6 6 8 8 3 0 0 0 0 0 0 0 0 0 0 0 0 0 0 0 0 0 0 0 0 0
14 13 4 4 4 14 12 4 3 4 13 11 0 1 1 0 0 0 0 0 0 0 0 0 0 0 0 0 8 9 11 9 6 6 6 6 6 6 6 7 6 5 1 0 0 0 0 0 0 0 0 0 0 0 0 0 0 0 0 0 0 0
4 14 14 7 8 17 17 7 6 13 12 5 0 0 0 0 0 0 0 0 1 1 2 3 3 1 0 2 3 8 11 10 8 6 6 7 6 6 6 12 12 9 1 0 0 0 0 0 0 0 0 0 0 0 0 0 0 0 0 0 0 0
2 13 13 3 7 14 12 3 3 14 14 2 0 0 0 0 0 0 0 0 0 0 0 0 0 0 0 0 2 9 10 9 7 6 6 6 6 6 6 6 9 9 3 0 0 0 0 0 0 0 0 0 0 0 0 0 0 0 0 0 0 0
2 12 13 2 2 5 13 4 2 4 13 11 0 0 0 0 0 0 0 0 0 0 0 0 0 0 0 0 0 2 7 10 10 5 6 6 5 5 5 5 7 8 2 0 0 0 0 0 0 0 0 0 0 0 0 0 0 0 0 0 0 0
3 7 4 5 14 11 8 13 7 8 12 3 0 0 0 0 0 0 0 0 0 0 0 0 0 0 0 0 2 7 7 6 4 5 5 3 3 4 6 9 9 3 2 1 1 3 2 0 1 0 1 0 0 1 1 1 3 3 2 0 0 0
5 13 13 2 2 13 13 5 4 12 12 2 0 0 0 0 0 0 0 0 0 0 0 0 0 0 0 0 0 2 10 11 8 6 7 7 6 6 6 7 7 6 1 0 0 0 0 0 0 0 0 0 0 0 0 0 3 2 1 0 0 0
11 12 4 3 10 14 11 3 5 17 12 2 0 0 0 0 0 0 0 0 0 0 0 0 0 0 0 2 6 10 11 7 6 6 6 6 6 9 7 8 5 2 0 0 0 0 0 1 1 2 1 1 1 0 0 0 0 0 0 0 0 0
2 13 14 6 5 6 14 11 3 5 14 12 0 0 0 0 0 0 0 0 0 0 0 0 0 0 0 1 4 9 12 8 6 6 6 6 6 6 6 9 7 5 2 2 2 0 1 1 0 0 0 0 0 0 0 0 0 0 0 0 0 0
3 14 14 6 2 13 13 5 2 5 13 2 0 0 0 0 0 0 0 0 0 0 0 0 0 0 0 0 0 2 10 10 7 5 5 5 5 5 5 6 8 9 8 2 0 0 0 0 0 0 0 0 0 0 0 0 0 0 0 0 0 0
4 13 14 3 5 14 13 6 2 5 13 11 0 0 0 0 0 0 0 0 0 0 0 0 0 0 0 1 11 11 9 6 6 6 6 6 6 7 7 9 8 3 1 0 0 0 0 0 0 0 0 0 0 0 0 0 0 0 0 0 0 0
2 13 12 3 4 13 12 5 3 14 13 3 0 0 0 0 0 0 0 0 0 0 0 0 0 0 0 0 0 1 8 10 9 6 6 6 6 6 6 6 7 10 8 2 0 0 0 0 0 0 0 0 0 0 0 0 0 0 0 0 0 0
14 14 3 5 13 5 3 15 12 8 8 3 0 0 0 0 0 1 2 1 2 2 1 1 1 1 1 1 3 8 9 8 7 5 5 5 5 5 5 5 7 8 3 1 0 0 0 0 0 0 0 0 0 0 0 0 0 0 0 0 0 0
3 2 13 14 4 4 14 14 4 4 15 4 0 0 0 0 0 0 0 0 0 0 0 0 0 0 0 0 0 1 8 9 5 5 5 5 5 5 5 5 6 9 9 4 2 2 2 2 1 0 0 0 0 0 0 0 0 0 0 0 0 0
3 13 12 3 3 13 12 5 2 12 12 3 0 0 0 0 0 0 0 0 0 0 0 0 0 0 0 0 5 11 10 7 6 6 6 7 6 6 8 8 6 1 0 0 0 0 0 0 0 0 0 0 0 0 0 0 0 0 0 0 0 0
3 14 8 3 2 13 12 3 3 14 13 2 0 0 0 0 0 0 0 0 0 0 0 0 0 0 0 0 6 8 11 6 6 5 5 5 6 6 5 7 7 6 1 0 0 0 0 0 0 0 0 0 0 0 0 0 0 0 0 0 0 0
3 11 11 4 4 12 12 6 5 13 12 2 0 0 0 0 0 0 0 0 0 0 0 0 0 0 0 1 7 10 7 6 6 6 6 6 6 8 12 12 2 0 0 0 0 0 0 0 0 0 0 0 0 0 0 0 0 0 0 0 0 0
13 14 6 4 5 15 4 4 4 4 14 2 0 0 0 0 0 0 0 0 0 0 0 0 0 0 0 0 1 9 11 11 10 5 5 5 4 4 4 5 5 4 4 2 0 0 0 0 0 0 0 0 0 0 0 0 0 0 0 0 0 0
3 2 12 13 5 3 14 11 5 7 13 2 0 1 0 2 2 2 1 1 1 0 0 1 1 0 1 1 1 4 8 9 7 6 5 5 6 5 6 5 7 2 0 0 0 0 0 0 0 0 0 0 0 0 0 0 0 0 0 0 0 0
2 12 13 7 5 7 12 8 5 13 12 2 0 0 0 0 0 0 0 0 0 0 0 0 0 0 0 0 6 9 9 9 6 5 7 6 5 6 11 12 7 0 0 0 0 0 0 0 0 0 0 0 0 0 0 0 0 0 0 0 0 0
3 13 4 6 13 6 5 26 19 8 6 3 0 0 0 0 0 0 0 0 0 0 0 0 0 0 0 1 3 5 9 7 5 5 4 4 4 4 5 11 10 4 1 2 1 1 2 1 1 1 1 1 1 1 1 1 2 2 2 4 3 2
