2 17 17 16 5 5 5 6 9 12 9 6 0 0 0 0 0 0 0 0 0 0 0 0 0 0 0 0 1 8 10 10 6 7 6 6 6 7 7 8 9 5 4 3 3 3 0 0 0 0 0 0 0 0 0 0 0 0 0 0 0 0
3 18 18 18 7 5 3 5 11 13 10 4 0 0 0 0 0 0 0 0 0 0 0 0 0 0 0 1 5 11 11 8 7 7 6 6 6 6 8 8 7 3 3 3 5 3 1 0 0 0 0 0 0 0 0 0 0 0 0 0 0 0
9 15 17 17 7 7 9 8 11 14 11 8 0 0 0 0 0 0 0 0 0 0 0 0 0 0 1 5 5 9 7 7 6 6 6 6 7 8 9 11 9 5 5 6 8 7 0 0 0 0 0 0 0 0 0 0 0 0 0 0 0 0
15 17 16 7 7 6 6 7 9 12 9 4 0 0 0 0 0 0 0 0 0 0 0 0 0 0 0 0 0 2 7 10 11 8 7 6 6 6 5 8 11 10 8 4 3 3 0 0 0 0 0 0 0 0 0 0 0 0 0 0 0 0
17 18 18 7 7 6 9 11 9 4 2 2 0 0 0 0 0 0 0 0 0 0 0 0 0 0 0 0 0 0 4 8 9 8 7 6 6 7 8 8 9 8 5 3 3 3 4 3 1 0 0 0 0 0 0 0 0 0 0 0 0 0
16 18 18 8 6 7 6 7 11 12 10 5 0 0 0 0 0 0 0 0 0 0 0 0 0 0 0 0 0 2 8 10 10 7 7 6 6 7 7 6 8 10 9 7 3 3 3 3 2 0 0 0 0 0 0 0 0 0 0 0 0 0
18 19 19 10 6 6 6 8 13 12 10 6 0 0 0 0 0 0 0 0 0 0 0 0 0 0 0 0 9 9 11 9 7 7 7 7 7 7 6 11 10 10 5 3 3 3 2 0 0 0 0 0 0 0 0 0 0 0 0 0 0 0
18 19 18 8 7 8 8 9 12 12 10 5 0 0 0 0 0 0 0 0 0 0 0 0 0 0 0 0 3 7 11 11 8 8 6 6 7 7 7 8 10 9 8 6 3 3 3 3 0 0 0 0 0 0 0 0 0 0 0 0 0 0
7 17 17 7 7 6 16 13 3 2 2 2 0 0 0 0 0 0 0 0 0 0 0 0 0 0 0 0 0 0 7 8 8 6 5 4 4 4 4 5 5 7 6 4 4 5 5 0 0 1 2 3 2 0 0 0 0 0 0 0 0 0
7 16 18 18 8 7 8 5 9 11 8 3 0 0 0 0 0 0 0 0 0 0 0 0 0 0 0 0 0 2 7 10 10 6 7 6 6 6 7 10 10 10 4 4 3 4 4 2 0 0 0 0 0 0 0 0 0 0 0 0 0 0
19 20 20 8 6 8 7 8 12 12 9 5 0 0 0 0 0 0 0 0 0 0 0 0 0 0 0 0 4 8 10 10 9 7 7 6 6 7 7 7 11 10 9 5 3 3 3 2 0 0 0 0 0 0 0 0 0 0 0 0 0 0
5 18 19 8 7 9 9 7 7 12 11 5 0 0 0 0 0 0 0 0 0 0 0 0 0 0 0 2 3 8 10 10 5 5 5 5 6 6 6 9 11 8 8 3 2 2 2 1 0 0 0 0 0 0 0 0 0 0 0 0 0 0
2 17 18 19 10 9 8 8 9 11 9 4 0 0 0 0 0 0 0 0 0 0 0 0 0 0 0 0 1 5 9 11 11 8 7 6 6 6 5 7 9 8 8 5 3 3 4 2 0 0 0 0 0 0 0 0 0 0 0 0 0 0
7 18 17 16 9 4 3 6 9 10 8 4 0 0 0 0 0 0 0 0 0 0 0 0 0 0 0 0 1 9 11 9 9 7 6 6 6 6 7 7 6 3 3 5 5 4 1 0 0 0 0 0 0 0 0 0 0 0 0 0 0 0
16 18 7 7 8 13 12 4 2 2 2 2 0 0 0 0 0 0 0 0 0 0 0 0 0 0 0 0 2 5 7 6 4 5 5 5 5 5 5 8 7 3 4 4 3 0 2 2 1 2 3 0 0 0 0 0 0 0 0 0 0 0
3 17 19 20 8 6 4 5 8 11 8 3 0 0 0 0 0 0 0 0 0 0 0 0 0 0 0 0 0 5 8 11 9 7 6 6 5 5 6 8 8 6 3 3 3 5 4 3 1 0 0 0 0 0 0 0 0 0 0 0 0 0
2 16 17 16 7 8 7 8 9 11 10 5 0 0 0 0 0 0 0 0 0 0 0 0 0 0 0 0 0 2 6 9 10 8 7 6 6 6 7 10 10 10 7 3 4 4 1 0 0 0 0 0 0 0 0 0 0 0 0 0 0 0
7 20 20 20 10 8 6 7 14 13 12 6 0 0 0 0 0 0 0 0 0 0 0 0 0 0 0 0 6 8 11 10 7 7 7 6 7 7 6 9 10 10 9 3 3 4 6 6 1 0 0 0 0 0 0 0 0 0 0 0 0 0
2 17 18 18 8 7 4 5 8 11 9 3 0 0 0 0 0 0 0 0 0 0 0 0 0 0 0 0 0 0 6 9 9 9 7 7 6 6 5 6 9 9 6 3 3 3 5 2 0 0 0 0 0 0 0 0 0 0 0 0 0 0
16 18 18 8 6 6 6 7 11 12 10 5 0 0 0 0 0 0 0 0 0 0 0 0 0 0 0 0 0 1 8 10 10 7 7 6 6 7 7 6 8 10 9 7 3 3 3 3 2 0 0 0 0 0 0 0 0 0 0 0 0 0
7 17 18 18 9 5 5 5 9 12 10 5 0 0 0 0 0 0 0 0 0 0 0 0 0 0 0 0 3 11 11 10 6 7 6 6 7 7 7 9 9 4 4 3 4 4 2 0 0 0 0 0 0 0 0 0 0 0 0 0 0 0
4 18 18 18 7 4 5 11 12 11 6 2 0 0 0 0 0 0 0 0 0 0 0 0 0 0 0 0 5 10 10 8 7 7 6 6 6 6 8 8 6 3 3 3 5 3 1 0 0 0 0 1 2 2 0 0 0 0 0 0 0 0
2 16 17 18 10 10 11 13 11 13 12 5 0 0 0 0 0 0 0 0 0 0 0 0 0 0 0 4 7 8 10 10 10 8 7 6 7 8 9 10 8 5 5 4 4 6 2 0 0 0 0 0 0 0 0 0 0 0 0 0 0 0
3 16 18 19 8 4 7 7 13 14 10 5 0 0 0 0 0 0 0 0 0 0 0 0 0 0 0 3 7 8 6 6 6 7 6 7 7 7 9 10 10 6 3 3 3 5 5 0 0 0 0 0 0 0 0 0 0 0 0 0 0 0
15 17 16 7 6 7 7 6 8 11 9 4 0 0 0 0 0 0 0 0 0 0 0 0 0 0 0 0 0 2 4 9 10 9 9 6 6 6 5 7 8 10 8 3 3 3 3 2 0 0 0 0 0 0 0 0 0 0 0 0 0 0
2 16 17 17 6 6 6 5 7 12 11 8 0 0 0 0 0 0 0 0 0 0 0 0 0 0 0 0 4 9 12 9 7 6 6 6 6 6 6 9 9 8 3 3 3 1 0 0 0 0 0 0 0 0 0 0 0 0 0 0 0 0
5 20 20 20 10 10 8 9 10 14 11 8 0 0 0 0 0 0 0 0 0 0 0 0 0 0 2 7 8 7 11 10 8 6 6 6 6 6 7 7 10 9 6 3 3 6 7 3 1 0 0 0 0 0 0 0 0 0 0 0 0 0
2 16 18 18 8 8 7 7 10 12 9 3 0 0 0 0 0 0 0 0 0 0 0 0 0 0 0 0 2 4 8 11 10 6 7 6 6 5 6 9 9 9 4 3 3 4 4 2 0 0 0 0 0 0 0 0 0 0 0 0 0 0
3 15 17 17 7 7 6 5 9 11 9 3 0 0 0 0 0 0 0 0 0 0 0 0 0 0 0 0 0 0 7 9 10 8 7 6 6 5 7 6 9 8 7 3 3 4 4 0 0 0 0 0 0 0 0 0 0 0 0 0 0 0
14 16 15 11 8 9 9 10 12 15 13 6 0 1 2 2 2 2 0 0 0 0 0 0 0 0 0 0 4 6 9 10 8 8 7 7 7 7 10 11 10 10 7 3 3 2 0 0 0 0 0 0 0 0 0 0 0 0 0 0 0 0
3 11 18 19 18 10 5 6 9 12 9 4 0 0 0 0 0 0 0 0 0 0 0 0 0 0 0 0 2 7 9 8 7 7 7 8 7 6 8 8 8 5 4 5 6 6 4 1 1 0 0 0 0 0 0 0 0 0 0 0 0 0
18 19 20 9 7 8 6 7 12 12 10 5 0 0 0 0 0 0 0 0 0 0 0 0 0 0 0 0 1 9 10 11 7 7 7 7 6 7 7 9 11 9 9 4 3 3 3 2 1 0 0 0 0 0 0 0 0 0 0 0 0 0
2 17 19 9 6 10 10 8 8 13 10 5 0 0 0 0 0 0 2 2 0 0 0 0 0 0 0 0 1 8 9 10 8 4 6 6 5 5 5 6 10 9 8 5 2 3 2 1 0 0 0 0 0 0 0 0 0 0 0 0 0 0
5 16 16 16 8 5 5 7 11 11 9 4 0 0 0 0 0 0 0 0 0 0 0 0 0 0 0 0 2 5 8 9 8 10 7 6 8 6 6 9 8 4 3 3 4 5 2 0 0 0 0 0 0 0 0 0 0 0 0 0 0 0
16 17 17 5 6 9 12 13 11 3 3 2 0 0 0 0 0 0 0 0 0 0 0 0 0 0 0 0 0 0 0 7 9 9 7 6 5 7 7 6 6 8 8 5 4 4 4 4 1 2 3 2 0 0 0 0 0 0 0 0 0 0
3 18 18 18 9 8 5 6 8 13 12 9 0 0 0 0 0 0 0 0 0 0 0 0 0 0 0 0 2 10 11 11 8 6 6 6 6 6 7 7 10 9 6 3 3 6 4 0 0 0 0 0 0 0 0 0 0 0 0 0 0 0
2 2 19 20 21 12 6 5 6 12 11 5 0 0 0 0 0 0 0 0 0 0 0 0 0 0 0 1 2 7 9 8 7 9 8 5 6 6 5 6 9 8 7 3 3 3 4 4 1 0 0 0 0 0 0 0 0 0 0 0 0 0
2 2 4 19 20 11 8 7 10 16 11 6 0 2 3 2 2 2 2 3 1 0 0 0 0 0 0 0 0 0 8 9 7 5 5 5 5 5 4 4 8 7 5 4 5 3 4 3 1 1 1 0 0 0 0 0 0 0 0 0 0 0
5 18 18 17 6 5 5 7 12 12 11 5 0 0 0 0 0 0 0 0 0 0 0 0 0 0 0 0 6 11 11 9 7 8 6 8 7 8 6 9 8 4 3 3 3 3 1 0 0 0 0 0 0 0 0 0 0 0 0 0 0 0
4 20 19 20 8 8 5 6 12 13 10 5 0 0 0 0 0 0 0 0 0 0 0 0 0 0 0 0 3 10 11 8 6 7 7 6 7 7 6 8 9 9 5 3 3 3 6 6 0 0 0 0 0 0 0 0 0 0 0 0 0 0
4 18 18 18 8 5 3 5 11 12 9 4 0 0 0 0 0 0 0 0 0 0 0 0 0 0 0 0 1 6 10 10 8 6 7 6 6 7 6 7 9 8 3 3 5 5 2 0 0 0 0 0 0 0 0 0 0 0 0 0 0 0
18 19 18 8 6 8 8 8 12 12 10 5 0 0 0 0 0 0 0 0 0 0 0 0 0 0 0 0 3 7 11 11 8 8 6 6 7 7 6 8 10 9 8 5 3 3 3 3 0 0 0 0 0 0 0 0 0 0 0 0 0 0
4 8 20 20 18 15 9 7 9 11 8 4 0 0 0 0 0 0 0 0 0 0 0 0 0 3 5 2 4 8 10 10 8 8 7 7 7 7 7 7 7 5 4 4 6 6 1 0 0 0 0 0 0 0 0 0 0 0 0 0 0 0
15 17 16 5 4 5 5 11 12 12 8 2 0 0 0 0 0 0 0 0 0 0 0 0 0 0 0 0 1 8 10 9 7 7 7 6 6 6 7 9 8 4 5 5 4 2 1 0 0 0 0 0 0 0 0 0 0 0 0 0 0 0
2 2 6 19 18 18 7 8 8 13 11 7 0 0 0 0 0 0 0 0 0 0 0 3 5 5 3 2 2 9 9 7 5 5 6 5 5 6 7 8 7 6 4 4 4 2 0 0 0 0 0 0 0 0 0 0 0 0 0 0 0 0
2 5 17 18 18 10 5 5 9 11 8 4 0 0 0 0 0 0 0 0 0 0 0 0 0 0 0 0 0 5 7 9 8 8 6 6 7 5 6 7 8 5 4 5 4 6 5 1 0 0 0 0 0 0 0 0 0 0 0 0 0 0
3 16 16 7 8 8 8 12 10 6 2 2 0 0 0 0 0 0 0 0 0 0 0 0 0 0 0 0 0 0 4 11 11 8 7 6 5 5 4 6 8 7 5 4 3 3 1 0 0 0 0 0 0 0 0 0 0 0 0 0 0 0
3 17 18 18 7 6 6 6 8 11 8 4 0 0 0 0 0 0 0 0 0 0 0 0 0 0 0 0 0 5 8 11 11 7 6 6 5 5 7 9 8 6 3 3 3 5 3 1 0 0 0 0 0 0 0 0 0 0 0 0 0 0
2 4 4 4 4 11 18 11 6 7 11 4 0 0 0 0 0 0 0 0 0 0 0 0 0 0 0 1 4 5 4 3 3 6 5 5 4 4 5 5 3 1 2 4 4 1 1 2 1 2 1 2 2 1 3 2 0 0 0 0 0 0
16 17 16 8 8 7 7 7 10 11 10 5 0 0 0 0 0 0 0 0 0 0 0 0 0 0 0 0 0 3 6 11 9 9 6 6 6 6 8 11 11 9 7 4 3 3 3 1 0 0 0 0 0 0 0 0 0 0 0 0 0 0
2 15 17 16 5 4 6 5 9 13 11 8 0 0 0 0 0 0 0 0 0 0 0 0 0 0 0 0 0 4 8 10 8 7 6 6 7 6 7 6 7 9 7 3 3 4 3 0 0 0 0 0 0 0 0 0 0 0 0 0 0 0
