6 11 13 11 6 5 5 6 5 17 18 17 0 0 0 0 0 0 0 0 0 2 1 2 2 1 1 2 1 4 9 10 6 6 6 6 6 7 6 8 11 10 3 3 3 3 1 0 0 0 0 0 0 0 0 0 0 0 0 0 0 0
9 11 13 5 5 6 8 19 20 6 7 5 0 0 0 0 0 0 0 0 0 0 0 0 0 0 0 2 9 11 10 5 5 5 5 5 5 5 6 8 7 5 2 2 2 5 6 4 0 0 0 0 0 0 0 0 0 0 0 0 0 0
7 10 12 11 8 5 5 4 7 18 17 16 0 0 0 0 0 0 0 0 0 0 0 0 0 0 0 0 7 10 6 8 7 6 6 6 7 8 8 11 10 8 3 3 4 1 0 0 0 0 0 1 0 0 0 0 0 0 0 0 0 0
8 11 13 5 6 6 8 18 19 5 5 2 0 0 0 0 0 0 0 0 0 0 0 0 0 0 0 0 2 8 11 11 5 5 5 5 5 5 5 5 8 6 5 2 2 3 4 4 0 0 0 0 0 0 0 0 0 0 0 0 0 0
6 10 11 9 5 5 5 6 17 18 17 3 0 0 0 0 0 0 0 0 0 0 0 0 0 0 0 0 0 4 8 8 6 6 6 6 6 7 8 9 10 10 5 3 4 4 2 0 0 0 0 0 0 0 0 0 0 0 0 0 0 0
5 9 11 8 4 3 7 8 17 17 15 4 0 0 0 0 0 0 0 0 0 0 0 0 0 0 0 0 2 8 7 6 7 6 6 6 6 7 9 10 4 3 5 6 6 4 0 0 0 0 0 0 0 0 0 0 0 0 0 0 0 0
6 10 13 13 9 10 8 6 8 20 20 18 0 0 0 0 0 0 0 0 0 0 0 0 0 0 0 0 3 10 10 11 8 7 8 7 6 7 9 9 11 10 8 5 3 3 3 2 1 0 0 0 0 0 0 0 0 0 0 0 0 0
9 12 13 8 8 12 12 19 20 6 6 2 0 0 0 0 0 0 0 0 0 0 0 0 0 0 0 3 10 10 7 5 8 9 7 7 5 5 7 8 8 5 3 2 3 6 6 3 0 0 0 0 0 0 0 0 0 0 0 0 0 0
2 7 12 13 8 5 7 17 17 16 2 2 0 0 0 0 0 0 0 0 0 0 0 0 0 0 0 0 0 4 7 7 6 6 8 8 8 8 6 7 8 8 6 3 3 3 2 0 0 0 0 0 0 0 0 0 0 0 0 0 0 0
5 9 12 11 7 6 8 8 8 18 19 17 0 0 0 0 0 0 0 0 0 0 0 0 0 0 0 0 1 8 10 11 8 7 6 6 7 7 6 9 10 10 8 4 3 3 3 1 0 0 0 0 0 0 0 0 0 0 0 0 0 0
5 9 11 9 5 5 8 10 17 17 16 4 0 0 0 0 0 0 0 0 0 0 0 0 0 0 0 0 0 6 8 9 7 6 6 6 6 7 7 9 7 5 7 4 6 6 4 0 0 0 0 0 0 0 0 0 0 0 0 0 0 0
5 9 11 11 7 6 8 6 8 19 19 17 0 0 0 0 0 0 0 0 0 0 0 0 0 0 0 0 0 4 8 9 10 6 6 7 6 6 7 8 9 11 10 8 3 3 3 2 0 0 0 0 0 0 0 0 0 0 0 0 0 0
4 9 11 7 6 7 9 8 8 20 18 3 0 0 0 0 0 0 0 0 0 0 0 0 0 0 0 3 8 8 9 5 5 6 5 6 5 5 7 10 9 7 3 3 2 2 1 1 0 0 0 0 0 0 0 0 0 0 0 0 0 0
5 9 11 8 7 4 4 5 9 19 20 19 0 0 0 0 0 1 3 5 2 0 0 0 0 0 0 0 0 7 6 6 5 6 7 6 7 8 11 11 12 3 3 3 3 4 1 0 0 0 0 0 0 0 0 0 0 0 0 0 0 0
9 12 14 8 7 7 9 18 19 20 6 6 0 0 0 0 0 0 0 0 0 0 0 0 0 0 0 0 3 10 11 11 6 6 6 6 6 6 7 8 9 8 5 5 4 5 6 6 1 0 0 0 0 0 0 0 0 0 0 0 0 0
9 12 13 5 7 7 10 19 20 6 6 2 0 0 0 0 0 0 0 0 0 0 0 0 0 0 0 0 6 8 10 5 6 5 5 5 5 5 5 7 9 8 6 2 2 5 6 5 1 0 0 0 0 0 0 0 0 0 0 0 0 0
3 8 11 10 7 6 6 5 17 17 16 2 0 0 0 0 0 0 0 0 0 0 0 0 0 0 0 0 0 6 8 10 7 6 6 7 7 6 10 9 8 4 3 3 3 4 1 0 0 0 0 0 0 0 0 0 0 0 0 0 0 0
4 10 12 10 6 6 6 4 5 17 17 17 0 0 0 0 0 0 0 0 0 0 0 0 0 0 0 0 7 10 9 6 6 6 6 6 7 7 10 11 10 3 3 3 3 1 0 0 0 0 0 0 0 0 0 0 0 0 0 0 0 0
4 9 11 10 6 5 10 14 18 19 18 3 0 0 0 0 0 0 0 0 0 0 0 0 0 0 1 4 8 9 7 7 8 8 9 10 10 8 11 9 3 3 3 4 4 1 0 0 0 0 0 0 0 0 0 0 0 0 0 0 0 0
8 10 11 9 7 6 6 6 18 18 18 3 0 0 0 0 0 0 0 0 0 0 0 0 0 0 0 0 1 9 9 10 7 6 6 6 8 8 8 8 8 6 5 3 4 4 4 0 0 0 0 0 0 0 0 0 0 0 0 0 0 0
9 12 13 5 9 11 12 18 19 7 6 3 0 0 0 0 0 0 0 0 0 0 0 0 0 0 0 0 4 10 10 6 5 5 5 5 5 5 5 9 8 7 4 3 4 6 7 7 1 1 1 0 1 0 0 0 0 0 0 0 0 0
2 2 8 12 12 6 7 7 16 17 4 2 0 0 0 0 0 0 0 0 0 0 0 0 0 0 0 0 2 2 6 6 5 5 6 5 5 5 8 7 7 3 2 3 4 4 2 0 0 0 0 0 0 0 0 0 1 2 2 2 1 0
8 11 12 11 9 5 6 17 18 16 3 2 0 0 0 0 0 0 0 0 0 0 0 0 0 0 0 0 2 6 7 7 7 8 6 6 6 8 9 10 9 8 4 4 4 5 2 0 0 0 0 0 0 0 0 0 0 0 0 0 0 0
6 10 13 12 6 4 5 7 18 18 18 3 0 0 0 0 0 0 0 0 0 0 0 0 0 0 0 4 8 7 6 6 7 6 6 7 7 8 9 10 9 6 3 4 5 2 0 0 0 0 0 0 0 0 0 0 0 0 0 0 0 0
3 8 10 7 5 5 5 4 17 18 16 2 0 0 0 0 0 0 0 0 0 0 0 0 0 0 0 0 0 0 6 8 6 6 5 6 6 6 6 10 9 7 3 3 3 3 4 3 0 0 0 0 0 0 0 0 0 0 0 0 0 0
6 10 11 9 5 4 4 5 17 18 17 2 0 0 0 0 0 0 0 0 0 0 0 0 0 0 0 0 0 4 8 8 6 6 6 7 6 7 7 8 9 10 5 3 3 4 1 0 0 0 0 0 0 0 0 0 0 0 0 0 0 0
3 7 10 5 4 5 8 15 17 2 2 2 0 0 0 0 0 0 0 0 0 0 0 0 0 0 0 0 0 3 3 3 4 4 5 6 8 7 9 8 4 2 3 3 4 4 0 0 0 0 0 0 0 0 0 0 0 0 0 0 0 0
5 9 9 8 7 7 10 14 18 20 17 3 0 0 0 0 0 0 0 0 0 0 0 0 0 0 0 0 0 0 0 4 6 8 8 10 8 9 7 10 11 10 8 5 4 4 5 5 2 1 2 0 0 0 0 0 0 0 0 0 0 0
4 10 11 11 7 6 9 8 9 20 20 18 0 0 0 0 0 0 0 0 0 0 0 0 0 0 0 4 8 9 10 8 6 7 6 6 7 7 9 11 11 9 3 3 3 3 2 1 0 0 0 0 0 0 0 0 0 0 0 0 0 0
4 9 11 9 7 6 6 5 4 17 18 18 0 0 0 0 0 0 0 0 0 0 0 0 0 0 0 0 2 7 10 7 6 5 6 7 6 7 10 11 10 8 3 3 3 3 0 0 0 0 0 0 0 0 0 0 0 0 0 0 0 0
4 9 11 10 6 6 6 5 17 18 17 2 0 0 0 0 0 0 0 0 0 0 0 0 0 0 0 0 3 8 9 6 6 6 6 6 6 7 10 10 9 4 3 3 4 4 1 0 0 0 0 0 0 0 0 0 0 0 0 0 0 0
4 8 11 8 6 6 5 5 17 18 18 2 0 0 0 0 0 0 0 0 0 0 0 0 0 0 0 0 0 5 8 7 6 5 6 7 6 7 8 10 9 7 3 3 4 4 3 0 0 0 0 0 0 0 0 0 0 0 0 0 0 0
5 9 11 7 2 2 9 17 17 17 3 2 0 0 0 0 0 0 0 0 0 0 0 0 0 0 0 0 6 8 7 6 6 6 6 6 7 7 7 5 3 3 4 6 6 2 0 0 0 0 0 0 0 0 0 0 0 0 0 0 0 0
9 11 13 8 5 6 8 19 20 19 7 5 0 0 0 0 0 0 0 0 0 0 0 0 0 0 0 0 8 11 9 7 6 6 6 6 6 6 8 9 8 6 4 3 4 6 6 5 0 0 0 0 0 0 0 0 0 0 0 0 0 0
10 12 13 5 8 9 12 20 19 7 6 2 0 0 0 0 0 0 0 0 0 0 0 0 0 0 0 0 4 10 10 7 5 5 5 5 5 5 5 8 8 8 5 5 3 4 6 5 1 1 1 2 0 0 0 0 0 0 0 0 0 0
9 12 13 5 7 7 10 19 20 7 7 3 0 0 0 0 0 0 0 0 0 0 0 0 0 0 0 0 6 8 10 5 6 5 5 5 5 5 5 7 9 8 6 2 2 5 6 5 1 0 0 0 0 0 0 0 0 0 0 0 0 3
5 10 12 9 7 7 7 5 4 17 18 17 0 0 0 0 0 0 0 0 0 0 0 0 0 0 0 0 0 2 11 11 9 5 7 6 6 7 7 11 10 8 6 3 3 3 3 0 0 0 0 0 0 0 0 0 0 0 0 0 0 0
7 10 11 5 5 5 5 17 18 5 3 2 0 0 0 0 0 0 0 0 0 0 0 0 0 0 0 0 3 6 6 4 5 6 5 5 5 5 7 8 7 4 3 4 5 5 0 0 0 0 0 0 0 0 0 0 0 0 0 0 0 0
9 10 11 10 6 5 5 8 18 18 18 5 0 0 0 0 0 0 0 0 0 0 0 0 0 0 0 0 4 9 9 6 7 6 6 7 8 7 8 11 10 5 4 4 4 5 1 2 0 0 0 0 0 0 0 0 0 0 0 0 0 0
9 11 13 7 5 5 10 19 20 20 6 6 0 0 0 0 0 0 0 0 0 0 0 0 0 0 0 0 0 3 9 11 8 7 6 6 6 6 6 6 7 9 8 7 3 3 5 6 6 3 0 0 0 0 0 0 0 0 0 0 0 0
2 4 9 9 8 6 5 4 17 17 2 2 0 0 0 0 0 0 0 0 0 0 0 0 0 0 0 0 1 3 6 5 6 5 3 4 5 5 8 8 8 5 4 3 2 2 2 0 0 0 0 0 0 0 0 0 0 0 0 0 0 0
3 8 10 11 7 5 6 6 17 17 2 3 0 0 0 0 0 0 0 0 0 0 0 0 0 0 0 0 3 6 5 4 5 5 5 5 5 5 7 9 8 6 4 3 3 4 2 1 0 0 0 0 0 0 0 0 0 0 0 0 0 0
2 3 3 11 12 5 6 17 4 3 2 3 0 0 0 0 0 0 0 0 0 0 0 0 0 0 0 0 4 4 2 4 4 2 3 3 3 5 5 6 6 5 2 1 3 2 3 2 1 0 0 0 0 0 0 0 1 0 0 0 0 0
3 3 4 11 9 5 7 6 6 18 18 7 0 0 0 0 0 0 0 0 0 0 0 0 0 0 0 0 4 7 8 5 4 4 4 5 5 4 7 8 9 6 3 3 3 5 2 1 0 0 0 0 0 0 0 0 0 0 0 0 0 0
2 5 10 11 5 6 10 20 17 4 2 2 0 0 0 0 0 0 0 0 0 0 0 0 0 0 0 0 0 0 4 4 5 4 5 5 5 5 4 5 6 5 2 3 5 5 6 4 4 3 2 2 1 0 0 0 0 0 0 0 0 0
9 10 12 5 6 6 9 17 18 6 3 3 0 0 0 0 0 0 0 0 0 0 0 0 0 0 0 0 4 6 6 5 6 5 5 6 7 7 7 8 7 4 2 4 5 5 3 1 0 0 0 0 0 0 0 0 0 1 0 0 0 0
4 9 12 10 6 6 6 6 5 17 18 18 0 0 0 0 0 0 0 0 0 0 0 0 0 0 0 0 2 10 10 10 6 6 6 6 7 6 7 11 10 7 3 3 3 3 1 0 0 0 0 0 0 0 0 0 0 0 0 0 0 0
3 9 11 9 7 7 5 5 18 18 18 4 0 0 0 0 0 0 0 0 0 0 0 0 0 0 0 0 1 8 9 8 6 7 5 6 6 7 8 10 10 6 3 3 3 4 4 0 0 0 0 0 0 0 0 0 0 0 0 0 0 0
9 12 13 5 8 9 11 19 20 6 6 2 0 0 0 0 0 0 0 0 0 0 0 0 0 0 0 0 6 8 10 5 6 5 5 5 5 5 5 7 9 8 6 2 4 7 6 5 1 0 0 0 0 0 0 0 0 0 0 0 0 0
5 10 12 12 8 8 8 6 6 20 20 18 0 0 0 0 0 0 0 0 0 0 0 0 0 0 0 0 2 9 10 11 8 7 7 6 6 7 6 8 11 10 8 5 3 3 3 2 1 0 0 0 0 0 0 0 0 0 0 0 0 0
6 10 12 7 4 2 5 9 16 17 15 2 0 0 0 0 0 0 0 0 0 0 0 0 0 0 0 0 0 1 7 9 7 7 6 6 6 6 7 7 8 6 3 3 6 6 4 0 0 0 0 0 0 0 0 0 0 0 0 0 0 0
6 10 12 11 7 7 8 8 9 21 20 20 0 0 0 0 1 1 2 2 1 1 0 0 0 0 0 0 4 9 10 11 7 7 7 6 6 7 7 7 11 10 7 3 3 3 3 3 0 0 0 0 0 0 0 0 0 0 0 0 0 0
7 10 12 8 6 5 4 7 17 16 16 2 0 0 0 0 0 0 0 0 0 0 0 0 0 0 0 0 2 8 9 7 7 6 6 6 6 8 8 10 9 3 3 5 5 2 0 0 0 0 0 0 0 0 0 0 0 0 0 0 0 0
5 9 11 8 4 3 5 7 17 17 16 4 0 0 0 0 0 0 0 0 0 0 0 0 0 0 0 0 0 0 7 9 7 6 6 6 6 6 7 8 9 9 4 3 4 5 4 0 0 0 0 0 0 0 0 0 0 0 0 0 0 0
4 10 12 11 10 9 9 9 5 17 18 18 0 0 0 0 0 0 0 0 0 0 0 0 0 0 0 5 6 10 10 10 7 6 8 6 8 7 7 11 11 7 3 3 3 3 1 0 0 0 0 0 0 0 0 0 0 0 0 0 0 0
