6 10 12 10 11 13 13 14 14 12 11 9 0 0 0 0 0 0 0 0 0 0 0 0 0 0 0 6 9 11 8 7 7 10 11 10 7 9 9 10 12 9 0 0 0 0 0 0 0 0 0 0 0 0 0 0 0 0 0 0 0 0
2 8 10 10 12 11 12 13 6 2 3 2 0 0 0 0 0 0 0 0 0 0 0 0 0 0 0 0 2 6 6 4 4 7 7 7 6 7 7 11 6 2 1 1 2 2 2 1 0 0 0 0 0 0 0 0 0 0 0 0 0 0
2 7 7 10 10 10 10 10 11 11 11 7 0 0 0 0 0 0 0 0 0 0 0 0 0 0 0 0 1 8 11 10 6 7 6 7 7 11 8 10 9 5 0 0 0 0 0 0 0 0 0 0 0 0 0 0 0 0 0 0 0 0
4 9 11 9 7 10 10 9 12 11 9 3 0 0 0 0 0 0 0 0 0 0 0 0 0 0 0 0 0 3 9 10 6 3 3 10 11 10 7 4 4 8 9 7 0 0 0 0 0 0 0 0 0 0 0 0 0 0 0 0 0 0
11 14 14 13 10 12 12 15 14 11 11 2 0 0 0 0 0 0 0 0 0 0 1 3 3 3 4 1 3 7 11 9 8 6 7 9 10 8 6 7 9 10 9 5 0 0 0 0 0 0 0 0 0 0 0 0 0 0 0 0 0 0
2 9 9 11 11 10 10 10 14 13 13 9 0 0 0 0 0 0 0 0 0 0 0 0 0 0 0 0 5 8 6 8 9 8 10 11 9 4 4 9 12 10 8 0 0 0 0 0 0 0 0 0 0 0 0 0 0 0 0 0 0 0
2 4 4 8 12 11 11 13 14 14 14 9 0 0 0 0 0 0 0 0 0 0 0 0 0 0 0 4 8 9 11 7 12 11 9 8 5 4 7 5 8 5 2 1 0 0 0 0 0 0 0 0 0 0 0 0 0 0 0 0 0 0
3 6 6 6 6 8 10 11 11 9 5 5 0 0 0 0 0 0 0 0 0 0 0 0 0 0 0 0 0 2 8 10 4 5 8 9 9 7 6 5 7 5 1 0 0 0 0 0 0 0 0 0 0 0 0 0 0 0 0 0 0 0
8 11 12 10 11 11 11 9 11 12 10 6 0 0 0 0 0 0 0 0 0 0 0 0 0 0 0 0 0 7 9 11 5 5 5 10 10 9 6 7 12 11 11 4 0 0 0 0 0 0 0 0 0 0 0 0 0 0 0 0 0 0
2 5 10 12 9 9 9 10 11 10 8 2 0 0 0 0 0 0 0 0 0 0 0 0 0 0 0 0 2 8 9 7 3 4 7 10 9 5 4 4 9 8 7 0 1 0 0 0 0 0 0 0 0 0 0 0 0 0 0 0 0 0
5 8 8 10 10 9 8 9 9 7 4 4 0 0 0 0 0 0 0 0 0 0 0 0 0 0 0 0 0 0 4 8 7 5 7 7 9 5 5 5 11 12 6 0 0 0 0 0 0 0 0 0 0 0 0 0 0 0 0 0 0 0
2 6 11 13 13 11 10 12 11 9 2 2 0 0 0 0 0 0 0 2 2 1 2 1 0 0 0 2 6 8 7 7 8 6 7 9 5 4 3 4 9 6 3 0 0 0 0 0 0 0 0 0 0 0 0 0 0 0 0 0 0 0
6 12 10 13 12 13 8 3 2 3 2 2 0 0 0 0 0 0 0 0 0 0 0 0 0 0 0 0 2 6 6 5 2 2 5 8 7 3 2 3 6 5 6 4 1 1 2 2 1 1 2 2 2 0 0 0 0 0 0 0 0 0
5 16 16 18 18 11 11 9 12 12 12 8 0 0 0 0 0 0 0 0 0 0 0 0 0 0 0 3 9 11 10 6 6 7 9 8 5 7 8 12 11 0 0 2 3 5 2 2 0 0 0 0 0 0 4 4 2 6 5 1 0 0
7 10 12 10 10 11 11 9 11 12 8 3 0 0 0 0 0 0 0 0 0 0 0 0 0 0 0 0 0 7 9 11 5 3 5 10 10 8 6 4 8 11 10 5 2 0 0 0 0 0 0 0 0 0 0 0 0 0 0 0 0 0
4 8 8 8 8 9 10 11 11 9 5 5 0 0 0 0 0 0 0 0 0 0 0 0 0 0 0 0 0 2 7 7 5 7 8 12 11 6 5 7 9 8 2 0 0 0 0 0 0 0 0 0 0 0 0 0 0 0 0 0 0 0
3 9 10 10 7 7 7 6 8 8 10 7 0 0 0 0 0 0 0 0 0 0 0 0 0 0 0 0 0 6 10 9 7 7 11 10 10 5 6 7 4 0 0 0 0 0 0 0 0 0 0 0 0 0 0 0 0 0 0 0 0 0
2 2 2 2 2 8 13 11 11 10 9 3 0 0 0 0 0 0 0 0 0 0 0 0 0 0 0 0 1 5 5 5 2 3 4 4 4 4 4 5 6 4 2 0 0 0 0 1 2 1 2 1 0 1 2 2 1 1 1 1 1 0
2 2 2 2 6 10 9 6 8 10 10 7 0 0 0 0 0 0 0 0 0 0 0 0 0 0 0 0 0 2 2 3 6 7 6 7 5 5 6 8 7 1 1 0 0 0 0 0 0 1 2 2 2 1 0 0 0 0 0 0 0 0
2 8 8 10 10 9 9 10 10 11 11 8 0 0 0 0 0 0 0 0 0 0 0 0 0 0 0 0 6 11 11 9 6 6 8 8 5 5 8 12 10 1 0 0 0 0 0 0 0 0 0 0 0 0 0 0 0 0 0 0 0 0
4 9 8 8 9 8 7 6 8 8 9 5 0 0 0 0 0 0 0 0 0 0 0 0 0 0 0 0 3 6 5 4 8 9 10 11 10 4 7 7 5 0 0 0 0 0 0 0 0 0 0 0 0 0 0 0 0 0 0 0 0 0
6 8 8 8 8 9 10 9 9 6 5 5 0 0 0 0 0 0 0 0 0 0 0 0 0 0 0 0 0 2 3 2 5 6 7 10 11 7 6 12 12 8 0 0 0 0 0 0 0 0 0 0 0 0 0 0 0 0 0 0 0 0
2 5 4 7 8 8 6 10 12 12 7 3 0 0 0 0 0 0 0 0 0 0 0 0 0 0 0 5 7 7 3 5 6 7 6 5 5 6 6 6 3 1 2 1 2 1 0 0 0 0 0 0 0 0 0 0 0 0 0 0 0 0
2 8 8 10 9 9 9 9 13 12 12 8 0 0 0 0 0 0 0 0 0 0 0 0 0 0 0 0 5 8 6 8 9 7 10 9 5 4 4 11 11 8 4 0 0 0 0 0 0 0 0 0 0 0 0 0 0 0 0 0 0 0
4 10 13 13 14 10 14 12 10 10 7 2 0 0 0 0 0 0 0 0 0 0 0 0 0 0 0 2 4 10 10 9 8 6 6 7 9 9 9 9 10 7 4 0 0 0 0 0 0 0 0 0 0 0 0 0 0 0 0 0 0 0
9 10 10 5 4 6 6 6 11 11 11 3 0 0 0 0 0 0 0 0 0 0 0 0 0 0 0 0 0 3 10 11 7 6 9 11 11 6 6 6 6 0 0 0 0 0 0 0 0 0 0 0 0 0 0 0 0 0 0 0 0 0
6 9 9 6 5 6 6 6 10 11 11 4 0 0 0 0 0 0 0 0 0 0 0 0 0 0 0 0 8 11 5 6 10 11 10 9 4 6 6 3 0 0 0 0 0 0 0 0 0 0 0 0 0 0 0 0 0 0 0 0 0 0
4 7 10 8 7 9 9 9 12 10 8 3 0 0 0 0 0 0 0 0 0 0 0 0 0 0 0 0 0 3 9 10 6 3 3 8 11 10 5 4 4 7 8 5 0 0 0 0 0 0 0 0 0 0 0 0 0 0 0 0 0 0
4 10 10 11 9 3 3 3 2 2 2 2 0 0 0 0 0 0 0 0 0 0 0 0 0 0 0 0 0 3 3 2 2 3 4 4 3 2 2 4 4 4 1 0 0 0 1 4 4 1 1 0 1 1 2 1 2 2 0 0 0 0
2 6 6 6 6 6 8 10 10 7 5 5 0 0 0 0 0 0 0 0 0 0 0 0 0 0 0 0 0 3 2 0 5 6 8 9 6 6 5 11 11 5 0 0 0 0 0 0 0 0 0 0 0 0 0 0 0 0 0 0 0 0
2 10 14 14 17 15 15 10 7 7 5 2 0 0 0 0 0 0 0 0 0 0 0 0 0 0 0 0 0 3 6 5 4 5 9 9 7 5 5 10 9 5 6 4 3 1 0 0 0 0 0 2 4 4 5 2 1 1 2 1 0 0
4 8 10 9 8 11 11 12 15 12 9 3 0 0 0 0 0 0 0 0 0 0 0 0 0 0 0 5 8 10 7 5 4 10 10 10 6 6 6 8 9 8 0 0 0 0 0 0 0 0 0 0 0 0 0 0 0 0 0 0 0 0
8 11 13 12 9 7 7 10 12 10 8 3 0 0 0 0 0 0 0 0 0 0 0 0 0 0 0 0 6 10 10 5 3 4 8 11 10 7 4 7 9 9 7 0 0 0 0 0 0 0 0 0 0 0 0 0 0 0 0 0 0 0
2 9 11 10 11 13 13 11 10 8 10 7 0 0 0 0 0 0 0 0 0 0 0 0 0 1 1 2 4 9 11 10 9 11 11 9 9 4 4 8 9 3 0 0 0 0 0 0 0 0 0 0 0 0 0 0 0 0 0 0 0 0
5 9 9 12 11 9 9 10 11 10 10 6 0 0 0 0 0 0 0 0 0 0 0 0 0 0 0 0 4 8 10 8 6 7 6 8 4 4 10 12 12 6 1 0 0 0 0 0 0 0 0 0 0 0 0 0 1 3 0 0 0 1
3 13 15 11 11 10 9 5 2 2 2 2 0 0 0 0 0 0 0 0 0 0 0 0 0 0 0 0 2 5 6 5 3 4 5 6 6 6 8 8 8 2 0 0 0 0 1 1 1 1 1 1 0 0 0 0 1 3 1 0 0 0
2 9 12 12 11 12 11 13 12 12 8 2 0 0 0 0 0 0 0 0 0 0 0 0 0 0 0 0 2 9 7 9 8 6 9 9 8 7 8 10 10 9 5 0 0 0 0 0 0 0 0 0 0 0 0 0 0 0 0 0 0 0
2 9 9 12 11 10 10 10 12 12 12 9 0 0 0 0 0 0 0 0 0 0 0 0 0 0 0 0 1 7 8 8 8 9 8 8 9 8 7 9 10 11 5 2 0 0 0 0 0 0 0 0 0 0 0 0 0 0 0 0 0 0
7 11 13 13 11 7 7 9 12 10 8 3 0 0 0 0 0 0 0 0 0 0 0 0 0 0 0 0 6 10 10 5 3 5 8 11 10 8 4 7 8 9 7 0 0 0 0 0 0 0 0 0 0 0 0 0 0 0 0 0 0 0
2 10 10 11 9 9 9 10 10 9 9 6 0 0 0 0 0 0 0 0 0 0 0 0 0 0 0 0 3 9 9 7 6 7 8 8 5 4 8 11 10 0 0 0 0 0 0 0 1 3 3 2 0 0 0 0 0 0 0 0 0 0
5 10 12 9 7 9 9 9 13 12 8 4 0 0 0 0 0 0 0 0 0 0 0 0 0 0 0 0 7 9 10 6 3 5 9 9 7 4 4 9 11 10 4 0 0 0 0 0 0 0 0 0 0 0 0 0 0 0 0 0 0 0
5 7 12 11 14 12 9 11 10 8 4 2 0 0 0 0 0 0 0 0 0 0 0 0 0 0 1 2 2 8 9 10 5 4 6 10 10 8 4 4 5 8 6 3 0 0 0 0 0 0 0 0 0 0 0 0 0 0 0 0 0 0
7 11 11 13 13 11 10 10 10 9 6 6 0 0 0 0 0 0 0 0 0 0 0 0 0 0 0 0 5 11 12 10 6 6 8 9 9 10 8 9 10 4 0 0 0 0 0 0 0 0 0 0 0 0 0 0 0 0 0 0 0 0
7 9 9 9 6 11 12 10 11 11 2 2 0 0 0 0 0 0 2 2 0 0 0 0 0 0 0 0 0 5 11 10 8 5 7 8 8 5 5 7 9 7 0 0 0 0 0 0 0 0 0 0 0 0 0 0 0 0 0 0 0 0
3 8 8 11 11 9 9 10 10 9 9 5 0 0 0 0 0 0 0 0 0 0 0 0 0 0 0 0 4 8 10 8 6 7 6 8 4 4 10 12 12 3 0 0 0 0 0 0 0 0 0 0 0 0 0 0 0 0 0 0 0 0
5 8 8 9 9 7 9 9 9 9 6 6 0 0 0 0 0 0 0 0 0 0 0 0 0 0 0 0 0 0 0 6 7 6 6 10 11 10 6 6 10 10 6 0 0 0 0 0 0 0 0 0 0 0 0 0 0 0 0 0 0 0
4 8 8 8 8 9 9 10 10 9 4 4 0 0 0 0 0 0 0 0 0 0 0 0 0 0 0 0 0 2 7 10 4 5 6 9 9 7 6 5 11 8 2 0 0 0 0 0 0 0 0 0 0 0 0 0 0 0 0 0 0 0
3 6 6 6 6 5 8 9 9 9 5 5 0 0 0 0 0 0 0 0 0 0 0 0 0 0 0 0 0 3 3 3 6 6 9 9 6 6 5 11 9 1 0 0 0 0 0 0 0 0 0 0 0 0 0 0 0 0 0 0 0 0
3 10 10 11 11 10 10 10 10 9 9 6 0 0 0 0 0 0 0 0 0 0 0 0 0 0 0 2 5 9 11 7 6 7 8 8 5 4 8 11 10 2 2 3 1 0 0 0 0 0 0 0 0 0 0 0 0 0 0 0 0 0
