3 3 15 15 17 17 16 16 5 5 4 4 0 0 0 0 0 0 0 0 0 0 0 0 0 0 2 6 6 10 12 10 6 6 6 6 6 6 6 6 6 10 8 2 0 0 0 0 0 0 0 0 0 0 0 0 0 0 0 0 0 0
2 3 3 4 15 17 17 17 7 7 7 6 0 0 0 0 0 0 0 0 0 0 0 0 0 0 2 6 9 12 9 8 5 4 4 4 4 4 4 4 8 8 7 3 0 0 0 0 0 0 0 0 0 0 0 0 0 0 0 0 0 0
3 4 4 15 15 17 17 7 7 7 6 6 0 0 0 0 0 0 0 0 0 0 0 0 0 0 1 5 9 12 11 9 6 4 4 4 4 4 4 4 9 9 7 2 0 0 0 0 0 0 0 0 0 0 0 0 0 0 0 0 0 0
3 3 14 14 16 16 16 16 6 6 5 5 0 0 0 0 0 0 0 0 0 0 0 0 0 0 2 6 8 12 12 10 6 6 6 6 6 6 6 6 8 8 4 2 0 0 0 0 0 0 0 0 0 0 0 0 0 0 0 0 0 0
3 3 14 14 16 16 16 16 6 6 5 5 0 0 0 0 0 0 0 0 0 0 0 0 0 0 2 6 8 12 12 10 6 6 6 6 6 6 6 6 8 8 4 2 0 0 0 0 0 0 0 0 0 0 0 0 0 0 0 0 0 0
3 13 13 15 15 15 6 5 5 3 2 2 0 0 0 0 0 0 0 0 0 0 0 0 0 0 0 4 5 7 7 6 5 5 5 5 5 5 5 8 11 8 1 2 3 0 0 0 0 0 0 0 0 0 0 0 0 0 0 0 0 0
3 3 12 12 12 13 13 13 13 13 5 5 0 0 0 0 0 0 0 0 0 0 0 0 0 0 0 0 0 5 12 12 10 8 8 8 10 8 8 8 10 7 3 0 0 0 0 0 0 0 0 0 0 0 0 0 0 0 0 0 0 0
3 3 13 13 15 15 14 14 6 6 5 5 0 0 0 0 0 0 0 0 0 0 0 0 0 0 2 6 8 12 12 10 6 6 6 6 6 6 8 10 6 2 0 0 0 0 0 0 0 0 0 0 0 0 0 0 0 0 0 0 0 0
3 3 16 17 17 16 16 5 5 5 2 2 0 0 0 0 0 0 0 0 0 0 0 0 0 0 2 5 5 8 10 9 5 5 5 5 5 5 5 5 5 8 10 5 0 0 0 0 0 0 0 0 0 0 0 0 0 0 0 0 0 0
3 3 13 15 15 15 15 6 6 4 5 5 0 0 0 0 0 0 0 0 0 0 0 0 0 0 2 5 10 12 11 5 5 5 5 5 5 5 7 10 9 4 0 0 0 0 0 0 0 0 0 0 0 0 0 0 0 0 0 0 0 0
2 3 3 17 18 17 17 9 7 6 6 5 0 0 0 0 0 0 0 0 0 0 0 0 1 4 4 11 12 11 5 4 4 4 4 6 4 6 9 9 8 4 0 0 0 0 0 0 0 0 0 0 0 0 0 0 0 0 0 0 0 0
3 3 12 12 15 15 15 15 5 5 4 4 0 0 0 0 0 0 0 0 0 0 0 0 0 0 0 0 4 4 12 12 10 6 6 6 6 6 6 8 8 8 6 0 0 0 0 0 0 0 0 0 0 0 0 0 0 0 0 0 0 0
4 4 14 14 14 15 15 15 15 15 6 6 0 0 0 0 0 0 10 10 0 0 0 0 0 0 0 0 0 5 12 12 10 8 8 10 8 8 8 8 10 7 3 0 0 0 0 0 0 0 0 0 0 0 0 0 0 0 0 0 0 0
3 3 15 17 17 17 17 7 7 6 4 4 0 0 0 0 0 0 0 0 0 0 0 0 0 0 2 5 9 12 12 10 8 5 5 5 5 5 5 5 7 8 7 2 0 0 0 0 0 0 0 0 0 0 0 0 0 0 0 0 0 0
3 15 15 17 16 8 8 8 8 8 8 2 0 0 0 0 0 0 0 0 0 0 0 0 0 0 3 3 4 4 11 11 11 10 4 4 4 4 4 4 4 8 9 8 6 0 0 0 0 0 0 0 0 0 0 0 0 0 0 0 0 0
5 15 15 17 18 9 9 7 6 8 8 5 0 0 0 0 0 0 0 0 0 0 0 0 0 0 4 4 7 12 12 11 7 4 6 4 4 4 4 6 11 9 9 3 0 0 0 0 0 0 0 1 0 0 0 0 0 0 0 0 0 0
2 2 14 15 15 15 15 7 7 6 5 5 0 0 0 0 0 0 0 0 0 0 0 0 0 0 3 5 9 10 12 8 5 5 5 5 5 5 7 9 9 5 1 0 0 0 0 0 0 0 0 0 0 0 0 0 0 0 0 0 0 0
4 4 16 16 17 17 16 16 7 7 5 5 0 0 0 0 0 0 0 0 0 0 0 0 0 0 2 6 6 10 12 10 6 8 6 6 6 8 6 6 8 12 10 2 0 0 0 0 0 0 0 0 0 0 0 0 0 0 0 0 0 0
3 2 2 2 5 16 16 15 16 7 7 4 0 0 0 0 0 0 0 0 0 0 0 0 0 0 0 0 3 5 8 8 7 4 4 4 4 4 4 4 4 4 11 10 5 2 0 0 0 0 0 0 0 0 0 0 0 0 0 0 0 0
2 2 2 4 4 13 15 15 15 5 5 5 0 0 0 0 0 0 0 0 0 0 0 0 0 0 0 0 5 7 9 7 4 4 4 4 4 6 6 8 9 6 4 0 0 0 0 0 0 0 0 0 0 0 0 0 0 0 0 0 0 0
5 5 11 14 14 15 15 7 7 4 2 2 0 0 0 0 0 0 0 0 0 0 0 0 0 0 0 4 6 12 12 7 5 5 7 9 5 5 7 8 7 2 0 0 0 0 0 0 0 0 0 0 0 0 0 0 0 0 0 0 0 0
2 3 3 15 16 16 16 6 4 2 2 2 0 0 0 0 0 0 0 0 0 0 0 0 0 0 2 4 4 9 9 6 4 4 4 4 5 4 4 4 5 8 7 0 0 0 0 0 0 0 0 0 0 0 0 0 0 0 0 0 0 0
3 3 14 16 16 16 16 4 4 4 2 2 0 0 0 0 0 0 0 0 0 0 0 0 0 0 4 5 10 12 10 5 5 5 5 5 5 5 5 8 7 4 0 0 0 0 0 0 0 0 0 0 0 0 0 0 0 0 0 0 0 0
2 2 4 4 12 21 15 15 6 6 6 2 0 0 0 0 1 2 3 3 2 2 2 2 2 2 4 6 6 7 10 8 3 3 3 3 3 3 3 4 6 2 0 0 0 0 0 0 0 0 0 0 0 0 0 0 0 0 0 0 0 0
2 2 13 13 15 15 15 15 6 6 3 3 0 0 0 0 0 0 0 0 0 0 0 0 0 0 0 4 6 6 12 12 10 6 6 6 6 6 6 6 6 6 4 0 0 0 0 0 0 0 0 0 0 0 0 0 0 0 0 0 0 0
3 3 11 11 11 13 13 13 13 13 5 5 0 0 0 0 0 0 0 0 0 0 0 0 0 0 0 0 5 12 12 10 8 10 8 8 8 8 8 7 7 3 0 0 0 0 0 0 0 0 0 0 0 0 0 0 0 0 0 0 0 0
4 4 14 14 15 15 14 14 7 7 4 4 0 0 0 0 0 0 0 0 0 0 0 0 0 0 0 2 6 8 12 12 10 6 6 8 6 6 6 6 10 10 2 0 0 0 0 0 0 0 0 0 0 0 0 0 0 0 0 0 0 0
2 2 13 15 15 16 16 7 7 4 5 5 0 0 0 0 0 0 0 0 0 0 0 0 0 0 0 4 5 9 12 12 5 5 5 5 5 5 5 7 9 9 5 0 0 0 0 0 0 0 0 0 0 0 0 0 0 0 0 0 0 0
3 3 15 15 17 17 16 16 5 5 4 4 0 0 0 0 0 0 0 0 0 0 0 0 0 0 4 4 6 12 12 8 6 6 6 6 6 6 6 6 8 8 8 2 0 0 0 0 0 0 0 0 0 0 0 0 0 0 0 0 0 0
2 5 5 17 17 17 16 5 5 5 2 2 0 0 0 0 0 0 0 0 0 0 0 0 3 3 4 4 12 12 9 4 4 4 4 4 4 4 4 8 9 2 0 0 0 0 0 0 0 0 0 0 0 0 0 0 0 0 0 0 0 0
3 3 14 14 15 15 15 15 5 5 5 5 0 0 0 0 0 0 0 0 0 0 0 0 0 0 4 6 12 12 10 6 6 6 6 6 6 6 6 8 8 6 0 0 0 0 0 0 0 0 0 0 0 0 0 0 0 0 0 0 0 0
3 3 15 15 16 16 16 16 6 6 3 3 0 0 0 0 0 0 0 0 0 0 0 0 0 0 4 6 8 12 12 6 6 6 8 6 6 6 6 6 8 10 2 0 0 0 0 0 0 0 0 0 0 0 0 0 0 0 0 0 0 0
5 5 14 15 15 14 14 7 7 4 2 2 0 0 0 0 0 0 0 0 0 0 0 0 0 0 0 2 5 6 12 12 9 5 5 7 5 5 7 5 8 9 2 0 0 0 0 0 0 0 0 0 0 0 0 0 0 0 0 0 0 0
2 2 3 3 8 14 15 16 8 8 11 6 0 0 0 0 0 0 0 0 0 0 1 2 1 2 8 9 9 11 10 5 3 3 3 4 4 4 5 6 5 1 0 0 0 0 0 0 0 0 0 0 0 0 0 0 0 0 0 0 0 0
2 3 3 13 14 14 14 9 8 3 4 4 0 0 0 0 0 0 0 0 0 0 0 0 1 5 5 4 1 2 4 9 9 7 4 4 4 5 4 4 5 5 5 4 0 0 0 0 0 0 0 0 0 0 0 0 0 0 0 0 0 0
3 14 14 16 17 14 14 10 9 9 9 5 0 0 0 0 0 0 0 0 0 0 0 0 0 2 5 10 12 12 11 5 6 6 6 6 6 9 10 11 9 8 0 0 0 0 0 0 0 0 0 0 0 0 0 0 0 0 0 0 0 0
5 13 13 15 15 15 8 4 4 3 2 2 0 0 0 0 0 0 0 0 0 0 0 0 0 0 2 6 6 10 12 9 5 5 5 5 6 5 6 6 6 4 0 0 0 0 0 0 0 0 0 0 0 0 0 0 0 0 1 0 0 0
4 4 16 17 17 17 17 10 10 8 2 2 0 0 0 0 0 0 0 0 0 0 0 0 0 0 2 5 9 10 12 8 8 7 7 5 5 5 5 5 7 8 8 7 1 0 0 0 0 0 0 0 0 0 0 0 0 0 0 0 0 0
4 4 16 17 17 17 17 5 5 4 2 2 0 0 0 0 0 0 0 0 0 0 0 0 0 0 4 5 10 12 10 5 5 7 5 5 5 5 5 5 7 8 7 0 0 0 0 0 0 0 0 0 0 0 0 0 0 0 0 0 0 0
2 5 5 12 12 13 14 7 7 4 2 2 0 0 0 0 0 0 0 0 0 0 0 0 0 0 0 2 8 11 12 7 6 4 4 6 4 4 6 7 4 0 0 0 0 0 0 0 0 0 0 0 0 0 0 0 0 0 0 0 0 0
3 14 14 16 17 10 10 8 8 8 8 4 0 0 0 0 0 0 0 0 0 0 0 0 0 0 0 2 4 11 12 11 11 7 6 4 4 4 4 4 10 11 8 7 0 0 0 0 0 0 0 0 0 0 0 0 0 0 0 0 0 0
3 15 15 17 16 8 8 6 8 8 8 4 0 0 0 0 0 0 0 0 0 0 0 0 1 3 4 4 11 11 12 10 4 4 4 4 4 4 4 10 8 8 6 0 0 0 0 0 0 0 0 0 0 0 0 0 0 0 0 0 0 0
4 16 16 18 18 17 7 6 6 8 6 6 0 0 0 0 0 0 0 0 0 0 0 0 0 2 5 5 5 8 12 12 11 5 5 5 5 5 5 6 7 11 9 5 0 0 0 0 0 0 0 0 0 0 0 0 0 0 0 0 0 0
4 4 13 15 15 14 14 5 5 7 4 4 0 0 0 0 0 0 0 0 0 0 0 0 0 0 2 5 12 12 10 8 7 5 5 5 5 5 10 8 5 0 0 0 0 0 0 0 0 0 0 0 0 0 0 0 0 0 0 0 0 0
2 2 11 14 14 14 14 7 7 6 7 7 0 0 0 0 0 0 0 0 0 0 0 0 0 0 0 2 8 12 10 9 5 5 5 7 5 5 5 9 9 7 2 0 0 0 0 0 0 0 0 0 0 0 0 0 0 0 0 0 0 0
3 3 11 11 11 13 13 13 13 13 4 4 0 0 0 0 0 0 0 0 0 0 0 0 0 0 0 0 5 12 12 10 8 8 8 8 8 8 8 7 7 3 0 0 0 0 0 0 0 0 0 0 0 0 0 0 0 0 0 0 0 0
5 11 13 13 14 7 5 6 4 4 2 2 0 0 0 0 0 0 0 0 0 0 0 0 0 0 0 3 4 8 8 5 5 4 4 5 7 10 8 9 6 0 0 0 0 0 0 0 0 0 0 0 0 0 0 0 0 0 0 0 0 0
5 5 16 16 17 17 17 17 7 7 4 4 0 0 0 0 0 0 0 0 0 0 0 0 0 0 4 6 6 12 12 8 6 6 6 6 8 8 8 10 8 2 0 0 6 8 2 0 0 0 0 0 0 0 0 0 0 0 0 0 0 0
2 14 14 15 15 15 7 4 4 6 4 4 0 0 0 0 0 0 0 0 0 0 0 0 0 2 5 5 10 12 7 5 5 5 5 5 5 5 6 11 7 4 0 0 0 0 0 0 0 0 0 0 0 0 0 0 0 0 0 0 0 0
4 15 17 17 15 5 2 2 2 2 4 3 0 0 4 4 0 0 0 0 0 0 0 0 9 7 2 2 2 4 5 6 6 4 4 4 4 4 4 4 4 5 0 0 0 0 0 0 0 0 0 0 0 0 0 0 0 0 0 0 0 0
3 3 14 14 16 16 16 16 6 6 5 5 0 0 0 0 0 0 0 0 0 0 0 0 0 0 2 6 8 12 12 10 6 6 6 6 6 6 6 6 8 8 4 2 0 0 0 0 0 0 0 0 0 0 0 0 0 0 0 0 0 0
10 11 11 12 12 13 7 4 4 5 2 2 0 0 0 0 0 0 0 0 0 0 0 0 0 0 0 3 9 10 8 6 7 6 6 6 6 6 9 7 4 0 0 0 0 0 0 0 0 0 0 0 0 0 0 0 0 0 0 0 0 0
3 3 14 14 15 15 15 15 6 6 3 3 0 0 0 0 0 0 0 0 0 0 0 0 0 0 0 0 4 6 12 12 10 6 6 6 8 6 6 6 6 6 6 4 2 0 0 0 0 0 0 0 0 0 0 0 0 0 0 0 0 0
3 3 13 15 15 14 14 7 7 8 4 4 0 0 0 0 0 0 0 0 0 0 0 0 0 3 3 5 10 12 10 5 5 5 7 5 8 8 9 9 3 0 0 0 0 0 0 0 0 0 0 0 0 0 0 0 0 0 0 0 0 0
2 2 11 14 14 14 14 6 6 5 5 5 0 0 0 0 0 0 0 0 0 0 0 0 0 0 0 2 8 12 10 9 5 5 5 5 5 5 5 9 9 4 0 0 0 0 0 0 0 0 0 0 0 0 0 0 0 0 0 0 0 0
5 14 14 17 17 18 10 8 8 7 3 3 0 2 3 3 3 2 3 5 2 0 0 0 0 0 3 3 8 10 10 5 5 5 5 5 6 6 11 9 7 1 1 1 0 0 0 0 0 0 0 0 0 0 0 0 0 0 0 0 0 0
4 14 14 16 17 8 8 6 8 6 6 3 0 0 0 0 0 0 0 0 0 0 0 0 0 0 2 6 9 12 11 8 4 4 4 4 4 4 4 10 11 9 4 0 0 0 0 0 0 0 0 0 0 0 0 0 0 0 0 0 0 0
2 3 3 3 2 3 13 14 13 13 4 2 0 0 0 0 0 0 0 0 0 0 0 0 2 3 4 2 3 4 5 7 7 5 4 4 4 4 4 4 4 5 0 0 0 0 0 0 0 0 0 0 0 0 0 0 0 0 0 0 0 0
4 4 14 14 16 16 16 16 6 6 4 4 0 0 0 0 0 0 0 0 0 0 0 0 0 0 0 4 8 12 12 8 6 6 6 6 8 6 6 6 8 8 8 2 0 0 0 0 0 0 0 0 0 0 0 0 0 0 0 0 0 0
